step,loss,norm,probe,train_seconds,probe_seconds
1,2.298696994781494,9.430520057678223,2.2961678504943848,0.0020549999899230897,0.0007321999873965979
2,2.300013303756714,9.4306640625,2.294786214828491,0.0017727999947965145,0.0006593999569304287
3,2.3005073070526123,9.432206153869629,2.2953240871429443,0.0017800000496208668,0.0006502000032924116
4,2.293527841567993,9.434563636779785,2.297266721725464,0.0017692999681457877,0.0006726999999955297
5,2.296267509460449,9.437597274780273,2.298872470855713,0.0017503999988548458,0.0006467999774031341
6,2.306478977203369,9.440935134887695,2.2983548641204834,0.0017883999971672893,0.0007038000039756298
7,2.3110172748565674,9.444061279296875,2.297750949859619,0.0017215999541804194,0.0006466999766416848
8,2.3046867847442627,9.447103500366211,2.2955000400543213,0.0017219999572262168,0.0006466999766416848
9,2.297839879989624,9.450360298156738,2.2926530838012695,0.0017480000387877226,0.0006416999967768788
10,2.2999801635742188,9.453986167907715,2.289998769760132,0.001713800011202693,0.0006437000120058656
11,2.28285551071167,9.457557678222656,2.286107063293457,0.0017158000264316797,0.000653900031466037
12,2.3066768646240234,9.461286544799805,2.282256603240967,0.0017793999868445098,0.0006457000272348523
13,2.2923641204833984,9.46508502960205,2.2774417400360107,0.0017097999807447195,0.0006510999519377947
14,2.288367509841919,9.46911907196045,2.2737209796905518,0.0017266999930143356,0.00063699996098876
15,2.313330888748169,9.473523139953613,2.2713558673858643,0.0017745000077411532,0.0006780000403523445
16,2.282093048095703,9.478045463562012,2.2683615684509277,0.0017183999880217016,0.0006450999644584954
17,2.291597604751587,9.482775688171387,2.266249656677246,0.001686900039203465,0.0006389000336639583
18,2.2895724773406982,9.487468719482422,2.264019727706909,0.0017005999688990414,0.0006420999998226762
19,2.272275924682617,9.492210388183594,2.2608535289764404,0.0017284000059589744,0.0006440000142902136
20,2.3009424209594727,9.49746322631836,2.254068374633789,0.0016887999954633415,0.0006568999961018562
21,2.281210422515869,9.502636909484863,2.247079849243164,0.0017161999712698162,0.0006351000047288835
22,2.2789344787597656,9.508374214172363,2.240424871444702,0.0016934999730437994,0.0006420000572688878
23,2.303010940551758,9.514764785766602,2.2331602573394775,0.0016957999905571342,0.0006372000207193196
24,2.245161771774292,9.521249771118164,2.226388692855835,0.0016816999996080995,0.0006426000036299229
25,2.288309335708618,9.528388023376465,2.2168993949890137,0.0016888999962247908,0.0006442999583669007
26,2.276388645172119,9.535741806030273,2.2081634998321533,0.0017334000440314412,0.000646200031042099
27,2.276313304901123,9.543214797973633,2.2020139694213867,0.0017136000096797943,0.0006522000185213983
28,2.258786201477051,9.551178932189941,2.1978704929351807,0.001687200041487813,0.0006446000188589096
29,2.2712056636810303,9.559526443481445,2.193791151046753,0.0016825999482534826,0.0006357000092975795
30,2.2541468143463135,9.568072319030762,2.1917126178741455,0.0016840000171214342,0.0006409999914467335
31,2.2705576419830322,9.576916694641113,2.1863582134246826,0.0016870999825187027,0.0006412999937310815
32,2.2654170989990234,9.586027145385742,2.177415370941162,0.001695500046480447,0.0006351000047288835
33,2.251525640487671,9.595417022705078,2.1673648357391357,0.0017587000038474798,0.0006402999861165881
34,2.2533929347991943,9.605352401733398,2.158876657485962,0.0017224999610334635,0.0006792000494897366
35,2.236443281173706,9.615667343139648,2.150792360305786,0.001685100025497377,0.0006429000059142709
36,2.2464253902435303,9.62661361694336,2.1398820877075195,0.00168009998742491,0.0006376000237651169
37,2.2450454235076904,9.638043403625488,2.1259267330169678,0.0016811999958008528,0.0006707000429742038
38,2.2035975456237793,9.649984359741211,2.110480785369873,0.0016861000331118703,0.0006391999777406454
39,2.224160671234131,9.66305160522461,2.093937873840332,0.0016870999825187027,0.0006334999925456941
40,2.2229034900665283,9.676803588867188,2.080045223236084,0.0017500999965704978,0.0006380999693647027
41,2.2294015884399414,9.691361427307129,2.0644726753234863,0.0017105000442825258,0.0006691000307910144
42,2.224846124649048,9.70625114440918,2.0519282817840576,0.001671799982432276,0.0006428000051528215
43,2.2193334102630615,9.721765518188477,2.042585611343384,0.001686599978711456,0.0006471999804489315
44,2.248272180557251,9.73729419708252,2.0340418815612793,0.001692200021352619,0.0006430000066757202
45,2.1975529193878174,9.752509117126465,2.0302765369415283,0.0016840999596752226,0.0006405000458471477
46,2.197429656982422,9.768494606018066,2.0218355655670166,0.0016754000098444521,0.0006376999663189054
47,2.1892364025115967,9.785112380981445,2.011303186416626,0.001734499994199723,0.000665100000333041
48,2.213717222213745,9.801900863647461,1.994042158126831,0.0017089999746531248,0.0006692999741062522
49,2.190948963165283,9.818769454956055,1.983289361000061,0.001670899975579232,0.0006653000018559396
50,2.167295217514038,9.83619499206543,1.9754756689071655,0.0017070999601855874,0.0006455999682657421
51,2.231574296951294,9.85391616821289,1.9638170003890991,0.0016810999950394034,0.0006403999868780375
52,2.138474702835083,9.870948791503906,1.953728199005127,0.001693099969998002,0.0006413999944925308
53,2.129610300064087,9.88874340057373,1.9474527835845947,0.0016752000083215535,0.0006335999933071434
54,2.1643428802490234,9.907501220703125,1.938848614692688,0.0019987999694421887,0.0006377999670803547
55,2.1766138076782227,9.926399230957031,1.9294004440307617,0.0017526000156067312,0.0007190000033006072
56,2.1244921684265137,9.945398330688477,1.9170281887054443,0.0017243000329472125,0.0006593000143766403
57,2.0890445709228516,9.964654922485352,1.9035704135894775,0.0016850000247359276,0.000638500030618161
58,2.1552696228027344,9.984530448913574,1.8859041929244995,0.0016743000014685094,0.0006484000477939844
59,2.1730000972747803,10.004129409790039,1.8695753812789917,0.001850400003604591,0.0006429000059142709
60,2.1043763160705566,10.023846626281738,1.8603771924972534,0.0016761000151745975,0.0006448000203818083
61,2.0928707122802734,10.044015884399414,1.8547179698944092,0.0017737000016495585,0.0006460000295192003
62,2.217845916748047,10.064709663391113,1.851963996887207,0.0016995000187307596,0.0006584000075235963
63,2.2069458961486816,10.083532333374023,1.8506684303283691,0.0016516000032424927,0.0006442999583669007
64,2.24114990234375,10.10123062133789,1.8494141101837158,0.0016750000067986548,0.0006379000260494649
65,2.1576242446899414,10.11678409576416,1.8471407890319824,0.0016778000281192362,0.0006351000047288835
66,2.178718090057373,10.131540298461914,1.8447558879852295,0.001672100042924285,0.0006448000203818083
67,2.170621633529663,10.145960807800293,1.8430042266845703,0.0016743000014685094,0.000638200028333813
68,2.050466775894165,10.159969329833984,1.844811201095581,0.0017976000090129673,0.0006426999461837113
69,2.1647844314575195,10.174680709838867,1.8487814664840698,0.001678600034210831,0.0006630999851040542
70,2.1712241172790527,10.189205169677734,1.8528932332992554,0.0016701999702490866,0.0006413999944925308
71,2.1325972080230713,10.202717781066895,1.8670425415039062,0.0016633999766781926,0.000637599965557456
72,2.2154879570007324,10.216134071350098,1.8722686767578125,0.0017108000465668738,0.0006352000054903328
73,2.1425721645355225,10.228869438171387,1.8740994930267334,0.0016760000144131482,0.0006471999804489315
74,2.0509228706359863,10.241535186767578,1.8713927268981934,0.0016785000334493816,0.0006374000222422183
75,2.0013725757598877,10.255104064941406,1.8682430982589722,0.0017383000231347978,0.0006315000355243683
76,2.1064453125,10.270081520080566,1.868065357208252,0.0016771999653428793,0.000685499981045723
77,2.134937047958374,10.285260200500488,1.8635488748550415,0.0016731999930925667,0.0006355000077746809
78,2.1346042156219482,10.300045013427734,1.854426622390747,0.0016568999853916466,0.0006448000203818083
79,2.142925500869751,10.314509391784668,1.850856900215149,0.0016755000106059015,0.0006427000043913722
80,2.114304780960083,10.32889175415039,1.8478528261184692,0.0016700000269338489,0.0006342999986372888
81,2.1826553344726562,10.343130111694336,1.8490264415740967,0.0016648999880999327,0.0006402000435627997
82,2.07611346244812,10.356204986572266,1.8540022373199463,0.0016890999977476895,0.0006433000089600682
83,2.1995279788970947,10.369614601135254,1.8577724695205688,0.0016678000101819634,0.0006381000275723636
84,2.0802576541900635,10.381820678710938,1.856107473373413,0.0017553000361658633,0.0006384000298567116
85,1.988110899925232,10.394828796386719,1.8546669483184814,0.0016826000064611435,0.0006430000066757202
86,2.0995209217071533,10.409439086914062,1.854132056236267,0.0016710999771021307,0.0006395999807864428
87,2.0634653568267822,10.424310684204102,1.8562610149383545,0.0016823000041767955,0.0006419999990612268
88,1.8733947277069092,10.439208984375,1.8587199449539185,0.0016811999958008528,0.0006438000127673149
89,2.1412737369537354,10.456334114074707,1.8644013404846191,0.0017098999815061688,0.0006396000389941037
90,2.0661699771881104,10.472460746765137,1.8640754222869873,0.0019527999684214592,0.0007085999823175371
91,1.9137940406799316,10.488523483276367,1.8606009483337402,0.0016960999928414822,0.0006400999845936894
92,2.036292552947998,10.505799293518066,1.8551172018051147,0.00167859997600317,0.0006409999914467335
93,2.000377893447876,10.523303985595703,1.8485503196716309,0.00167420000070706,0.0006335999933071434
94,2.2274653911590576,10.541099548339844,1.8412446975708008,0.0016651999903842807,0.0006448000203818083
95,2.153918504714966,10.556694984436035,1.8356775045394897,0.0016621000249870121,0.0006415999960154295
96,2.169912338256836,10.571192741394043,1.8322964906692505,0.0017134000081568956,0.000638200028333813
97,2.039370059967041,10.584717750549316,1.8303616046905518,0.0016950999852269888,0.0006441999576054513
98,2.1681172847747803,10.598316192626953,1.8299533128738403,0.0016614000196568668,0.0006358999526128173
99,2.129955291748047,10.610861778259277,1.832169771194458,0.0016579999937675893,0.000638199970126152
100,2.0961203575134277,10.62326717376709,1.8386591672897339,0.0016621000249870121,0.000640000042039901
101,2.1415698528289795,10.635697364807129,1.8468433618545532,0.001664099982008338,0.0006334999925456941
102,2.175452470779419,10.64816951751709,1.8650586605072021,0.0016646000440232456,0.0006396999815478921
103,2.0733938217163086,10.659820556640625,1.879109501838684,0.0017349999980069697,0.0006418999982997775
104,2.146881103515625,10.671791076660156,1.8892236948013306,0.001719099993351847,0.0008969000191427767
105,2.171555519104004,10.68310546875,1.8978601694107056,0.0016684000147506595,0.0006486000493168831
106,2.0681354999542236,10.693513870239258,1.900246024131775,0.0016681999550200999,0.0006347000016830862
107,2.243366003036499,10.704012870788574,1.8877302408218384,0.0016556999762542546,0.0006380000268109143
108,2.0811896324157715,10.713482856750488,1.8786979913711548,0.0016905999509617686,0.0006551999831572175
109,2.035872459411621,10.723475456237793,1.8621101379394531,0.00168599997414276,0.0006377999670803547
110,2.1931545734405518,10.734223365783691,1.851214051246643,0.0017151999636553228,0.0006748999585397542
111,2.138209342956543,10.744367599487305,1.8452321290969849,0.0016689999611116946,0.000653000024612993
112,1.9903091192245483,10.754157066345215,1.8423759937286377,0.001672399987000972,0.000637899967841804
113,2.0710859298706055,10.76515007019043,1.8418388366699219,0.0016633000341244042,0.0006371000199578702
114,1.9821664094924927,10.775944709777832,1.8399930000305176,0.0016598000074736774,0.0006337000522762537
115,2.018176794052124,10.787830352783203,1.8387311697006226,0.0016482000355608761,0.0006417999975383282
116,1.9482060670852661,10.800509452819824,1.8372552394866943,0.0016688000177964568,0.0006365000153891742
117,2.093355894088745,10.814453125,1.8375760316848755,0.0016974000027403235,0.0006336000515148044
118,2.0054807662963867,10.827643394470215,1.8379255533218384,0.0016615999629721045,0.0006564999930560589
119,1.9463975429534912,10.841340065002441,1.8396127223968506,0.0016533000161871314,0.000631399976555258
120,1.9885303974151611,10.85554027557373,1.8416727781295776,0.0016494999872520566,0.0006408999906852841
121,2.0701706409454346,10.87027359008789,1.8442645072937012,0.0016626999713480473,0.0006353999488055706
122,1.9714945554733276,10.883907318115234,1.8473550081253052,0.0016438000020571053,0.0006382999708876014
123,2.0796680450439453,10.89830207824707,1.848893165588379,0.0016532999579794705,0.0006865999894216657
124,1.9929049015045166,10.912339210510254,1.8485558032989502,0.0016902000061236322,0.0006318999803625047
125,2.0634000301361084,10.926675796508789,1.8494648933410645,0.0016781000304035842,0.0006556999869644642
126,2.1586456298828125,10.940616607666016,1.8480268716812134,0.001685699971858412,0.0006510000093840063
127,2.0452935695648193,10.953594207763672,1.8469996452331543,0.0016688000177964568,0.0006343999993987381
128,2.003202438354492,10.966190338134766,1.844126582145691,0.001650799997150898,0.000638800032902509
129,1.917217493057251,10.979134559631348,1.8391600847244263,0.0017096999799832702,0.0006416999967768788
130,2.2418980598449707,10.992820739746094,1.8376325368881226,0.001707900024484843,0.0006352000054903328
131,2.1043906211853027,11.00429630279541,1.8390305042266846,0.0017023999826051295,0.0006395999807864428
132,2.035680055618286,11.014955520629883,1.841516137123108,0.0017772999708540738,0.0006715999916195869
133,2.0699024200439453,11.02593994140625,1.8420352935791016,0.001655799977015704,0.0006364000146277249
134,2.142451286315918,11.036794662475586,1.843048334121704,0.0016737999976612628,0.0006610999698750675
135,2.0828075408935547,11.047002792358398,1.8434652090072632,0.0017149000195786357,0.0006412999937310815
136,1.9329960346221924,11.057117462158203,1.8431798219680786,0.0016730999923311174,0.0006366000161506236
137,2.0972163677215576,11.068463325500488,1.8436806201934814,0.0016618000227026641,0.0006399999838322401
138,2.245478868484497,11.079463005065918,1.84321129322052,0.001692800025921315,0.000639400037471205
139,2.08215069770813,11.088851928710938,1.8398499488830566,0.0016810999950394034,0.0006427000043913722
140,2.111572265625,11.097825050354004,1.833849549293518,0.0016627000295557082,0.0006372000207193196
141,2.237069606781006,11.106987953186035,1.8295482397079468,0.0016630000318400562,0.0006379000260494649
142,2.033400297164917,11.114378929138184,1.8252651691436768,0.0016615000204183161,0.0006361000123433769
143,2.002685308456421,11.122481346130371,1.8228765726089478,0.0016592000029049814,0.0006394999800249934
144,2.1264846324920654,11.131053924560547,1.820260763168335,0.0016608999576419592,0.000645299965981394
145,1.9638447761535645,11.139226913452148,1.8202931880950928,0.0016795999836176634,0.0006340999971143901
146,2.1058878898620605,11.148307800292969,1.8238513469696045,0.0017813000013120472,0.000737000023946166
147,2.085798740386963,11.15719985961914,1.830246925354004,0.001685099967289716,0.0006412999937310815
148,2.1036088466644287,11.166704177856445,1.8377861976623535,0.0016656999941915274,0.0006634999881498516
149,2.1732988357543945,11.17562484741211,1.8422248363494873,0.0016740999999456108,0.0006370000191964209
150,1.9941134452819824,11.1838960647583,1.845395803451538,0.0016713000368326902,0.0006335999933071434
151,1.9502369165420532,11.192792892456055,1.8510382175445557,0.0016493999864906073,0.0006484999903477728
152,2.1123733520507812,11.20273208618164,1.8463261127471924,0.0016884999931789935,0.0006525999633595347
153,2.031120538711548,11.212106704711914,1.844330906867981,0.0016898000030778348,0.0006572999991476536
154,2.030930995941162,11.22150707244873,1.8377423286437988,0.0016678000101819634,0.0006480999873019755
155,1.994030237197876,11.231973648071289,1.8354744911193848,0.0016544999671168625,0.0006359000108204782
156,2.0338521003723145,11.243022918701172,1.831433653831482,0.001688400050625205,0.0006394999800249934
157,2.0045509338378906,11.254562377929688,1.8276996612548828,0.0016613000188954175,0.0006340999971143901
158,1.953735113143921,11.266219139099121,1.8211506605148315,0.0016518999473191798,0.0006374000222422183
159,2.015672445297241,11.278833389282227,1.8170733451843262,0.001680399989709258,0.0006372000207193196
160,2.0481045246124268,11.29157829284668,1.8169273138046265,0.0017774999723769724,0.0006963000050745904
161,1.973217248916626,11.303787231445312,1.815805196762085,0.0017204000032506883,0.0006896999548189342
162,2.142472743988037,11.31618595123291,1.8152530193328857,0.0016626999713480473,0.0006428000051528215
163,1.992871880531311,11.328554153442383,1.8154733180999756,0.0016642999835312366,0.0006334999925456941
164,1.9897451400756836,11.341465950012207,1.8158937692642212,0.0016623999690636992,0.0006395999807864428
165,2.1855905055999756,11.354652404785156,1.815041422843933,0.0016694999649189413,0.0006384999724105
166,2.055649757385254,11.366644859313965,1.8120701313018799,0.0016605000128038228,0.0006339999963529408
167,1.932811975479126,11.378837585449219,1.8106334209442139,0.0017130000051110983,0.0006640000501647592
168,2.103572130203247,11.39156436920166,1.8094017505645752,0.0016708000330254436,0.0006374000222422183
169,2.186967134475708,11.4037504196167,1.8083022832870483,0.0016439000028185546,0.0006398000405170023
170,2.0126075744628906,11.415031433105469,1.8066940307617188,0.0016650999896228313,0.0006425000028684735
171,2.0498781204223633,11.42607593536377,1.8064422607421875,0.001679500041063875,0.0006407999899238348
172,2.006068706512451,11.436847686767578,1.8062762022018433,0.0016792999813333154,0.0006359000108204782
173,1.9442073106765747,11.448369026184082,1.807321548461914,0.001659100002143532,0.0006459999713115394
174,2.0230796337127686,11.460601806640625,1.8073863983154297,0.0017211000085808337,0.0006777000380679965
175,2.0371596813201904,11.473093032836914,1.8074208498001099,0.001685100025497377,0.0006491999956779182
176,2.0817744731903076,11.48515510559082,1.8084620237350464,0.001664099982008338,0.000645600026473403
177,2.122220277786255,11.49672794342041,1.8089332580566406,0.0016684000147506595,0.0006352000054903328
178,2.2084298133850098,11.507689476013184,1.8080750703811646,0.001671799982432276,0.0006337999948300421
179,1.9569517374038696,11.517155647277832,1.8093571662902832,0.0016684000147506595,0.0006507000070996583
180,2.0202524662017822,11.527325630187988,1.8109309673309326,0.0016672000056132674,0.0006340999971143901
181,1.9202425479888916,11.537178039550781,1.8117554187774658,0.0016819000011309981,0.0006455000257119536
182,1.9677772521972656,11.547734260559082,1.8136820793151855,0.0016686000162735581,0.0006434000097215176
183,1.9322577714920044,11.559165000915527,1.8152437210083008,0.0016645999858155847,0.0006379999686032534
184,1.9196922779083252,11.571207046508789,1.8171484470367432,0.0016706000315025449,0.000638800032902509
185,2.1666321754455566,11.584083557128906,1.8163814544677734,0.0016650999896228313,0.000645600026473403
186,2.029054880142212,11.595671653747559,1.815423846244812,0.0016764000174589455,0.0006364000146277249
187,1.97328519821167,11.60737419128418,1.814291000366211,0.001668799959588796,0.0006411999929696321
188,2.0109124183654785,11.619720458984375,1.8127596378326416,0.0017870999872684479,0.0006716999923810363
189,1.9803428649902344,11.632783889770508,1.8126579523086548,0.0016739999991841614,0.0006412999937310815
190,2.0485565662384033,11.645868301391602,1.8131240606307983,0.0016635999782010913,0.0006511000101454556
191,2.065242052078247,11.658864974975586,1.8156846761703491,0.0016495000454597175,0.0006399999838322401
192,2.1174635887145996,11.671496391296387,1.822677731513977,0.0016645999858155847,0.0006340999971143901
193,2.0654571056365967,11.683114051818848,1.8283716440200806,0.001659100002143532,0.0006379000260494649
194,1.9702228307724,11.694564819335938,1.8328664302825928,0.0016645999858155847,0.0006401999853551388
195,2.1170244216918945,11.707379341125488,1.8350733518600464,0.0018042000010609627,0.0006347000016830862
196,2.052532196044922,11.719322204589844,1.8348368406295776,0.0017172999796457589,0.0006600000197067857
197,1.7810311317443848,11.731163024902344,1.8311408758163452,0.0016662999987602234,0.0006426000036299229
198,1.9961955547332764,11.745319366455078,1.8303731679916382,0.0016568999853916466,0.0006409999914467335
199,2.0624964237213135,11.75915813446045,1.8273959159851074,0.0016639999812468886,0.0006640000501647592
200,1.949106216430664,11.77301025390625,1.8210947513580322,0.0016605000128038228,0.0006420999998226762
201,2.065236806869507,11.787763595581055,1.814624547958374,0.00165789999300614,0.0006412999937310815
202,1.9674180746078491,11.801627159118652,1.8135093450546265,0.001686900039203465,0.0006424000021070242
203,1.9376295804977417,11.81529712677002,1.8159785270690918,0.001705800008494407,0.0006511000101454556
204,2.0840327739715576,11.829513549804688,1.8214211463928223,0.001657900051213801,0.0006457000272348523
205,1.8569016456604004,11.84250545501709,1.8262397050857544,0.001667100004851818,0.0006564999930560589
206,2.0270965099334717,11.856429100036621,1.82767915725708,0.0016651999903842807,0.0006282000103965402
207,2.1278228759765625,11.870061874389648,1.8318034410476685,0.0016534000169485807,0.0006396999815478921
208,1.9129283428192139,11.882049560546875,1.8337957859039307,0.0016534999595023692,0.0006408999906852841
209,2.1019392013549805,11.894598960876465,1.8321858644485474,0.0017163000302389264,0.0006356000085361302
210,1.9342365264892578,11.906618118286133,1.8263760805130005,0.0016610000166110694,0.0006455000257119536
211,1.9416693449020386,11.918622970581055,1.823202133178711,0.0016614000196568668,0.0006424000021070242
212,2.175657033920288,11.930547714233398,1.8169748783111572,0.0016689000185579062,0.0006856000400148332
213,2.0573441982269287,11.941729545593262,1.8107978105545044,0.00166090001584962,0.0006399000412784517
214,1.934810996055603,11.95268440246582,1.8053462505340576,0.0016583999968133867,0.0006390000344254076
215,1.9701145887374878,11.964295387268066,1.802948236465454,0.001665899995714426,0.0006361000123433769
216,2.034430742263794,11.976327896118164,1.8050826787948608,0.0017163999727927148,0.0006417999975383282
217,1.9295599460601807,11.988631248474121,1.8102918863296509,0.001763799984473735,0.0006907000206410885
218,1.8478317260742188,12.001900672912598,1.8191771507263184,0.0016625000280328095,0.0006445000180974603
219,1.9876947402954102,12.016051292419434,1.823603630065918,0.0016733999946154654,0.0006415999960154295
220,2.032357692718506,12.029839515686035,1.8257932662963867,0.0016809000517241657,0.0006361000123433769
221,2.093262195587158,12.043502807617188,1.8211263418197632,0.0016589000006206334,0.0006413999944925308
222,2.106647491455078,12.056351661682129,1.8166602849960327,0.0016599000082351267,0.0006434000097215176
223,2.090444564819336,12.067955017089844,1.8126848936080933,0.0016870999825187027,0.0006361000123433769
224,2.057849645614624,12.079102516174316,1.8075270652770996,0.0016722999862395227,0.0006868999917060137
225,1.9646638631820679,12.090468406677246,1.799325704574585,0.0016642999835312366,0.0006449000211432576
226,1.9058232307434082,12.102277755737305,1.795632004737854,0.0016576999914832413,0.0006419999990612268
227,2.112358570098877,12.114350318908691,1.7919032573699951,0.0016997999628074467,0.000637899967841804
228,1.9802055358886719,12.126060485839844,1.7901413440704346,0.0016650999896228313,0.0006326999864540994
229,2.231196641921997,12.137761116027832,1.7890543937683105,0.0016599000082351267,0.0006360000115819275
230,2.0779519081115723,12.148021697998047,1.7885863780975342,0.0017053000046871603,0.0006399999838322401
231,1.902868390083313,12.158071517944336,1.7877264022827148,0.0017528000171296299,0.000645000021904707
232,1.916943907737732,12.169166564941406,1.7858885526657104,0.0016641999827697873,0.0006390000344254076
233,2.1203222274780273,12.181267738342285,1.7843257188796997,0.001665000047069043,0.0006407999899238348
234,1.8948442935943604,12.192959785461426,1.7813698053359985,0.001661999966017902,0.0006395999807864428
235,2.0114142894744873,12.205552101135254,1.7789744138717651,0.0016917000175453722,0.0006406999891623855
236,2.0323715209960938,12.218358993530273,1.777259111404419,0.0016615999629721045,0.0006385999731719494
237,2.0951879024505615,12.230914115905762,1.7764626741409302,0.0017075000214390457,0.0006356000085361302
238,2.0805001258850098,12.2426118850708,1.7775826454162598,0.0016947999829426408,0.0006464000325649977
239,1.9224199056625366,12.253616333007812,1.7786740064620972,0.0016574999899603426,0.0006389999762177467
240,1.9735444784164429,12.26521110534668,1.7798974514007568,0.0016642999835312366,0.0006334000499919057
241,1.905955195426941,12.276884078979492,1.7819092273712158,0.0016699000261723995,0.0006425000028684735
242,1.9084752798080444,12.289239883422852,1.784958004951477,0.0016595000051893294,0.0006433000089600682
243,2.1878724098205566,12.302308082580566,1.7895445823669434,0.0016713999793864787,0.0006381000275723636
244,1.9997450113296509,12.313599586486816,1.795393943786621,0.0016746000037528574,0.0006426000036299229
245,1.9125757217407227,12.325189590454102,1.803892970085144,0.0016850000247359276,0.0006702999817207456
246,1.9724873304367065,12.337423324584961,1.8144794702529907,0.0016846000216901302,0.0006403999868780375
247,2.0770716667175293,12.34969711303711,1.8266202211380005,0.0016693000216037035,0.0006480999873019755
248,2.0515568256378174,12.360967636108398,1.8319274187088013,0.0016524999518878758,0.0006376999663189054
249,2.09834885597229,12.37200927734375,1.8343735933303833,0.0016686999588273466,0.0006409999914467335
250,1.9646254777908325,12.382587432861328,1.8365416526794434,0.0016871000407263637,0.0006415999960154295
251,1.9107916355133057,12.393613815307617,1.834692358970642,0.0016633999766781926,0.0006405999884009361
252,2.0092787742614746,12.405111312866211,1.8289138078689575,0.0017462000250816345,0.000651800015475601
253,1.8633760213851929,12.416363716125488,1.8222678899765015,0.00166680000256747,0.0006392999785020947
254,1.9742988348007202,12.42792797088623,1.8084405660629272,0.0016487999819219112,0.0006442000158131123
255,1.8912663459777832,12.439532279968262,1.7920736074447632,0.0016608000150881708,0.0006490999949164689
256,1.8949024677276611,12.451762199401855,1.780504584312439,0.0016555999754928052,0.0006364999571815133
257,1.9311174154281616,12.463991165161133,1.7731517553329468,0.0018651000573299825,0.0007224999717436731
258,2.0465619564056396,12.476334571838379,1.7706408500671387,0.0017526999581605196,0.0006829000194557011
259,1.9141637086868286,12.48842716217041,1.7737354040145874,0.0017432000022381544,0.0006483999895863235
260,1.9515047073364258,12.501175880432129,1.779936671257019,0.0016833000117912889,0.0006528000230900943
261,2.027822494506836,12.513970375061035,1.7869958877563477,0.0016824000049382448,0.0006433999515138566
262,1.9154969453811646,12.525883674621582,1.794080138206482,0.0016744000022299588,0.000639100035186857
263,2.06640887260437,12.537723541259766,1.8010026216506958,0.001673899998422712,0.000646500033326447
264,1.8370481729507446,12.550067901611328,1.80353844165802,0.0016750000067986548,0.0006470999796874821
265,1.9716438055038452,12.563424110412598,1.8062121868133545,0.001820300007238984,0.0006611999706365168
266,2.0077617168426514,12.576225280761719,1.8073656558990479,0.0016838000155985355,0.0006432000081986189
267,1.9209548234939575,12.588679313659668,1.8005518913269043,0.0017188000492751598,0.0006394999800249934
268,2.048724889755249,12.601451873779297,1.7915396690368652,0.0016814999980852008,0.0006701999809592962
269,2.1115007400512695,12.613545417785645,1.7839549779891968,0.0016693000216037035,0.0006443000165745616
270,2.0025882720947266,12.624565124511719,1.7786506414413452,0.0016997000202536583,0.000639400037471205
271,1.9804115295410156,12.6356782913208,1.778710961341858,0.0016772000235505402,0.0006464000325649977
272,1.9933282136917114,12.647269248962402,1.784040093421936,0.001784199965186417,0.000679299992043525
273,1.9151421785354614,12.658936500549316,1.7938752174377441,0.00166529999114573,0.000645299965981394
274,2.13653302192688,12.671178817749023,1.8053452968597412,0.0016670000040903687,0.0006757000228390098
275,1.936636209487915,12.681803703308105,1.815330147743225,0.0016690000193193555,0.0006371000199578702
276,1.8201202154159546,12.69307804107666,1.8316360712051392,0.0016531000146642327,0.0006381000275723636
277,2.0375707149505615,12.704970359802246,1.8425426483154297,0.0016703000292181969,0.0006408999906852841
278,1.8633455038070679,12.716522216796875,1.8477414846420288,0.00166229996830225,0.0006323999841697514
279,2.011965036392212,12.72853946685791,1.8431251049041748,0.001763799984473735,0.0006519000162370503
280,2.1564126014709473,12.741116523742676,1.838969111442566,0.001718799991067499,0.0006602999637834728
281,1.8862459659576416,12.752363204956055,1.831082820892334,0.00168599997414276,0.0006406999891623855
282,2.0363032817840576,12.764083862304688,1.8169306516647339,0.0016761000151745975,0.0006466999766416848
283,1.7874361276626587,12.775303840637207,1.808184266090393,0.001664699986577034,0.0006396999815478921
284,2.0415267944335938,12.787727355957031,1.7963218688964844,0.0016713000368326902,0.0006393999792635441
285,1.9694023132324219,12.799694061279297,1.7850065231323242,0.0016513000009581447,0.0006414999952539802
286,1.7967422008514404,12.811736106872559,1.7746400833129883,0.001678300031926483,0.000660400022752583
287,1.9047918319702148,12.824621200561523,1.7678204774856567,0.0016680000117048621,0.0006402999861165881
288,1.8870521783828735,12.838184356689453,1.7632123231887817,0.0017035999917425215,0.000647400040179491
289,1.9005688428878784,12.851794242858887,1.7611958980560303,0.0016739999991841614,0.0006450999644584954
290,1.8590534925460815,12.865446090698242,1.761679768562317,0.0016546000260859728,0.0006371000199578702
291,1.9850420951843262,12.878999710083008,1.7626169919967651,0.0016613000188954175,0.0006375000230036676
292,1.8574378490447998,12.892078399658203,1.7615636587142944,0.0016759000136516988,0.0006411999929696321
293,1.947775959968567,12.905647277832031,1.7607890367507935,0.0017639999859966338,0.0006429000059142709
294,1.9384043216705322,12.918965339660645,1.759290099143982,0.0016633000341244042,0.0006498000002466142
295,1.7974013090133667,12.93264389038086,1.7574115991592407,0.0016618000227026641,0.0006389000336639583
296,1.9623217582702637,12.947704315185547,1.7558332681655884,0.0016750000067986548,0.0006330999894998968
297,1.881888747215271,12.962632179260254,1.754333257675171,0.0016804999904707074,0.0006361000123433769
298,1.8145396709442139,12.978039741516113,1.7529218196868896,0.001659700006712228,0.0006405999884009361
299,1.9949395656585693,12.993877410888672,1.7520897388458252,0.0016660999972373247,0.0006543000345118344
300,1.7237836122512817,13.009105682373047,1.752133846282959,0.0017399000353179872,0.0006331999902613461
301,1.9547697305679321,13.025940895080566,1.7526148557662964,0.0016579999937675893,0.0006415999960154295
302,1.6653345823287964,13.042263984680176,1.752945065498352,0.00165940000442788,0.000638200028333813
303,1.8357279300689697,13.059432029724121,1.7527583837509155,0.0016610999591648579,0.0006345000001601875
304,1.871180772781372,13.076910018920898,1.7525912523269653,0.0016542999655939639,0.0006391999777406454
305,1.839003324508667,13.09545612335205,1.7528208494186401,0.001693699974566698,0.0006448000203818083
306,1.9508811235427856,13.113249778747559,1.7523034811019897,0.001666199997998774,0.0006391999777406454
307,2.142568826675415,13.129929542541504,1.7522286176681519,0.0018023000448010862,0.0006411999929696321
308,2.025308847427368,13.145261764526367,1.752447485923767,0.0016996999620459974,0.0006886000046506524
309,2.0336477756500244,13.159578323364258,1.7520956993103027,0.0016604999545961618,0.0006389999762177467
310,2.0101497173309326,13.173009872436523,1.7521628141403198,0.001678899978287518,0.0006443000165745616
311,2.128570079803467,13.185840606689453,1.752380132675171,0.001664099982008338,0.0006314999773167074
312,1.9112296104431152,13.197538375854492,1.7519090175628662,0.001651099999435246,0.0006398999830707908
313,1.9102388620376587,13.209216117858887,1.7504087686538696,0.001660600013565272,0.0006417999975383282
314,1.9219516515731812,13.220821380615234,1.7480579614639282,0.0017363999504595995,0.0006366000161506236
315,2.1584763526916504,13.232660293579102,1.7469230890274048,0.0016653999919071794,0.0006569999968633056
316,1.9704868793487549,13.24335765838623,1.7455345392227173,0.0016607000143267214,0.0006434000097215176
317,1.793851613998413,13.254110336303711,1.7437472343444824,0.0016623999690636992,0.0006369000184349716
318,2.041738986968994,13.26572036743164,1.7439833879470825,0.0017333999858237803,0.0006460999720729887
319,1.96296226978302,13.277276992797852,1.743816614151001,0.0016636999789625406,0.0006358000100590289
320,1.94290030002594,13.288664817810059,1.7449216842651367,0.001665599993430078,0.0006376999663189054
321,2.0059003829956055,13.300448417663574,1.747010350227356,0.0016840000171214342,0.0006367000169120729
322,1.9031755924224854,13.311258316040039,1.746812343597412,0.0017353000002913177,0.0006848999764770269
323,1.9820101261138916,13.32240104675293,1.7468860149383545,0.0016683000139892101,0.000639700039755553
324,1.9044148921966553,13.333403587341309,1.7471704483032227,0.0016702000284567475,0.0006399000412784517
325,1.8234024047851562,13.34492301940918,1.7453664541244507,0.0016823000041767955,0.0006403999868780375
326,2.10908579826355,13.357078552246094,1.7453607320785522,0.0016734999953769147,0.0006575000006705523
327,1.860086441040039,13.368234634399414,1.7463598251342773,0.0016702000284567475,0.0006463000318035483
328,1.9683418273925781,13.379548072814941,1.7478196620941162,0.0016778000281192362,0.0006353000062517822
329,2.1361567974090576,13.390403747558594,1.7481894493103027,0.0016744000022299588,0.0006611000280827284
330,1.9165256023406982,13.400466918945312,1.7479652166366577,0.0016645999858155847,0.0006411999929696321
331,1.8927985429763794,13.410747528076172,1.7468920946121216,0.0016692999633960426,0.0006696999771520495
332,1.8659014701843262,13.421252250671387,1.7452714443206787,0.0016533999587409198,0.0006365000153891742
333,2.0267140865325928,13.432247161865234,1.7447655200958252,0.0016555000329390168,0.0006364000146277249
334,1.9290302991867065,13.443188667297363,1.7461400032043457,0.0016618999652564526,0.0006419999990612268
335,1.89418363571167,13.4546480178833,1.7483489513397217,0.001669099961873144,0.0006318999803625047
336,1.8456391096115112,13.466795921325684,1.7502485513687134,0.0017146000172942877,0.0006531999679282308
337,1.7947651147842407,13.478922843933105,1.753272294998169,0.0016973000019788742,0.0006662000087089837
338,1.9342631101608276,13.492063522338867,1.7571989297866821,0.0016632000333629549,0.0006438000127673149
339,1.979734182357788,13.504877090454102,1.7612406015396118,0.0016589000006206334,0.000638500030618161
340,1.9755103588104248,13.517557144165039,1.765837550163269,0.0016744000022299588,0.0006357000092975795
341,1.7570992708206177,13.530155181884766,1.7682244777679443,0.0016886999947018921,0.0006418999982997775
342,1.7562806606292725,13.543644905090332,1.7714437246322632,0.001692800025921315,0.0006412999937310815
343,1.9089406728744507,13.558259010314941,1.773502230644226,0.001736600010190159,0.0006577000021934509
344,2.067875385284424,13.572245597839355,1.7728809118270874,0.0016596000059507787,0.000645900028757751
345,1.922869086265564,13.584738731384277,1.7730462551116943,0.0016639000386931002,0.000647700042463839
346,2.059537410736084,13.597379684448242,1.7742455005645752,0.0016623999690636992,0.0006336999940685928
347,1.9601653814315796,13.60939884185791,1.7757432460784912,0.0016689000185579062,0.0006393999792635441
348,1.96017324924469,13.621257781982422,1.7756564617156982,0.0016680000117048621,0.0006416999967768788
349,2.206446647644043,13.632698059082031,1.7743394374847412,0.0016772000235505402,0.0006373000214807689
350,1.8830671310424805,13.642833709716797,1.7711396217346191,0.0017920000245794654,0.0006932999822311103
351,1.9269044399261475,13.653342247009277,1.767598271369934,0.0016713000368326902,0.0006360000115819275
352,2.0702507495880127,13.663771629333496,1.7659038305282593,0.0016607000143267214,0.0006467000348493457
353,1.5549043416976929,13.674015045166016,1.765817642211914,0.0016624000272713602,0.000646200031042099
354,2.035435199737549,13.685752868652344,1.7651585340499878,0.001653800019994378,0.0006265999982133508
355,1.9032844305038452,13.696887969970703,1.7621064186096191,0.0016577999922446907,0.0006360000115819275
356,1.859033226966858,13.708157539367676,1.7586625814437866,0.001708800031337887,0.0006412999937310815
357,1.9394757747650146,13.719326972961426,1.756987452507019,0.0017019000370055437,0.0006782999844290316
358,1.8565988540649414,13.730995178222656,1.756050705909729,0.0016627999721094966,0.0006405000458471477
359,1.888088345527649,13.743471145629883,1.755674958229065,0.0016804999904707074,0.0006389999762177467
360,1.8095145225524902,13.756081581115723,1.755826711654663,0.0016689000185579062,0.0006350000039674342
361,1.8878660202026367,13.769627571105957,1.7576481103897095,0.0016605000128038228,0.0006442000158131123
362,1.8419536352157593,13.783855438232422,1.7571656703948975,0.00165789999300614,0.0006420999998226762
363,1.7795357704162598,13.798349380493164,1.7576367855072021,0.0016654000501148403,0.0006371000199578702
364,1.9454594850540161,13.813582420349121,1.7564016580581665,0.0017941999831236899,0.0006581000052392483
365,1.8641939163208008,13.828237533569336,1.753872275352478,0.001664399984292686,0.0006411000504158437
366,1.7974474430084229,13.84299087524414,1.752354621887207,0.0016557000344619155,0.0006382999708876014
367,2.0171148777008057,13.858041763305664,1.7504903078079224,0.001659100002143532,0.0006384000298567116
368,2.090357542037964,13.872234344482422,1.7467577457427979,0.001655499974731356,0.0006397999823093414
369,1.9708276987075806,13.88588809967041,1.742432713508606,0.0017091999761760235,0.0006427999469451606
370,2.0360803604125977,13.89902400970459,1.7381653785705566,0.0016614000196568668,0.0006353000062517822
371,1.6451843976974487,13.912407875061035,1.734702229499817,0.0016681000124663115,0.000680199998896569
372,1.872136116027832,13.927546501159668,1.7341969013214111,0.0017384000238962471,0.0006382999708876014
373,1.9463651180267334,13.942702293395996,1.7345532178878784,0.0016576999914832413,0.0006412999937310815
374,1.9627265930175781,13.957714080810547,1.7347936630249023,0.001676799962297082,0.0006440000142902136
375,2.099590301513672,13.973556518554688,1.7344090938568115,0.0016601000097580254,0.0006360000115819275
376,1.8664748668670654,13.988568305969238,1.7376726865768433,0.001699899963568896,0.0006420999998226762
377,1.7570966482162476,14.00281810760498,1.7420015335083008,0.001660600013565272,0.0006352000054903328
378,1.8428481817245483,14.01764965057373,1.7442752122879028,0.0018044000025838614,0.0006592999561689794
379,1.924336552619934,14.032918930053711,1.7450008392333984,0.0017000999650917947,0.0006577000021934509
380,1.9668080806732178,14.047741889953613,1.7457488775253296,0.001666500000283122,0.0006413999944925308
381,1.9205127954483032,14.061701774597168,1.7439881563186646,0.0017101999837905169,0.0006485000485554338
382,1.9475926160812378,14.075321197509766,1.7436940670013428,0.0016819000011309981,0.000640300044324249
383,1.9451936483383179,14.088887214660645,1.7423542737960815,0.0016709000337868929,0.0006513000116683543
384,2.1281185150146484,14.102212905883789,1.7399730682373047,0.001686599978711456,0.000632000039331615
385,1.9419175386428833,14.114461898803711,1.738215446472168,0.001881800009869039,0.0007086999830789864
386,1.8926640748977661,14.126751899719238,1.7366877794265747,0.0016773000243119895,0.0006560999900102615
387,1.8432469367980957,14.139209747314453,1.734920620918274,0.0017409000429324806,0.000685499981045723
388,1.835282325744629,14.15237045288086,1.7339980602264404,0.0016480000340379775,0.0006370000191964209
389,1.9257676601409912,14.165867805480957,1.733217716217041,0.0017399999778717756,0.0006506000063382089
390,1.8425469398498535,14.179298400878906,1.7323660850524902,0.0016832000110298395,0.0006436999537982047
391,1.9435869455337524,14.192646026611328,1.729294776916504,0.0016961999936029315,0.0006404999876394868
392,1.8465944528579712,14.205660820007324,1.7255421876907349,0.002415900002233684,0.0007323999889194965
393,1.767136812210083,14.219149589538574,1.7212963104248047,0.0017728999955579638,0.0007326999912038445
394,1.8915092945098877,14.233445167541504,1.716865062713623,0.0017256999853998423,0.0006739000091329217
395,1.9176359176635742,14.247982025146484,1.7139263153076172,0.0016715999809093773,0.0006535999709740281
396,1.9838193655014038,14.262994766235352,1.7106637954711914,0.0017692999681457877,0.0006482999888248742
397,1.7656466960906982,14.277151107788086,1.7078967094421387,0.0016630999743938446,0.0006587000098079443
398,1.799088478088379,14.291913032531738,1.7057147026062012,0.0017442000098526478,0.0006438999553211033
399,1.9240565299987793,14.306666374206543,1.7030665874481201,0.0020781000494025648,0.0007658000104129314
400,1.8996273279190063,14.320779800415039,1.7000418901443481,0.001706700015347451,0.0006545999785885215
401,1.886629343032837,14.33486270904541,1.6988732814788818,0.001665599993430078,0.0006496999994851649
402,1.904062271118164,14.34886360168457,1.7004716396331787,0.0016652000485919416,0.0006490999949164689
403,1.8241491317749023,14.362634658813477,1.7032862901687622,0.0017549999756738544,0.0006324999849312007
404,1.9611735343933105,14.376571655273438,1.7089306116104126,0.001705200003925711,0.0006797999958507717
405,1.757589340209961,14.390172004699707,1.716525673866272,0.0018274000030942261,0.0006448000203818083
406,1.8319206237792969,14.404300689697266,1.7225470542907715,0.0017921000253409147,0.0007601999677717686
407,1.7770341634750366,14.418974876403809,1.7293246984481812,0.001679500041063875,0.0006447999621741474
408,1.7833861112594604,14.433829307556152,1.7344155311584473,0.0016654000501148403,0.0006429000059142709
409,1.7400250434875488,14.448845863342285,1.7418675422668457,0.0016693000216037035,0.0006367000169120729
410,1.7768434286117554,14.464963912963867,1.7425665855407715,0.0016406999784521759,0.0006383000290952623
411,1.8823671340942383,14.48141098022461,1.7384004592895508,0.0017257000436075032,0.0006730000022798777
412,1.7758818864822388,14.497505187988281,1.7335007190704346,0.001768800022546202,0.0006485999911092222
413,1.9705642461776733,14.513825416564941,1.727738857269287,0.0017257000436075032,0.0006782000418752432
414,1.8748924732208252,14.52949333190918,1.7228496074676514,0.0016553000314161181,0.0006424000021070242
415,1.9900696277618408,14.544780731201172,1.7200170755386353,0.001664400042500347,0.0006447000196203589
416,1.9450575113296509,14.558804512023926,1.7161253690719604,0.0016596000059507787,0.0006493999972008169
417,2.0447702407836914,14.572066307067871,1.7118583917617798,0.0016580999945290387,0.0006416999967768788
418,1.87852942943573,14.584895133972168,1.7069969177246094,0.001770899980328977,0.0006569999968633056
419,1.877362608909607,14.597590446472168,1.7038298845291138,0.0018080000299960375,0.000667500018607825
420,1.8614691495895386,14.610811233520508,1.7031996250152588,0.001713200006633997,0.0006693000323139131
421,1.6986128091812134,14.624181747436523,1.704311728477478,0.001656099979300052,0.0006380999693647027
422,1.893149733543396,14.638273239135742,1.7061923742294312,0.0016685000155121088,0.000638199970126152
423,1.8040099143981934,14.652654647827148,1.7065467834472656,0.0016625000280328095,0.0006410999922081828
424,1.8327736854553223,14.667369842529297,1.7057006359100342,0.0016796999843791127,0.0006410000496543944
425,1.8227763175964355,14.681764602661133,1.704886794090271,0.0017862999811768532,0.0006425000028684735
426,1.6511225700378418,14.69666576385498,1.7057557106018066,0.001816099975258112,0.0006777999806217849
427,1.8376752138137817,14.71288013458252,1.7068676948547363,0.0016896000015549362,0.0006781999836675823
428,1.7495286464691162,14.728429794311523,1.7078667879104614,0.001659700006712228,0.0006359000108204782
429,1.8483233451843262,14.744058609008789,1.7104812860488892,0.0016447000089101493,0.0006387000321410596
430,1.9663090705871582,14.759262084960938,1.7129770517349243,0.0016400999738834798,0.0006359999533742666
431,1.9246724843978882,14.77382755279541,1.7139736413955688,0.001642199989873916,0.0006325999856926501
432,1.6573470830917358,14.787675857543945,1.7165944576263428,0.0017013000324368477,0.0006355000077746809
433,1.6749188899993896,14.802947998046875,1.7192596197128296,0.0018609999679028988,0.0006613000296056271
434,1.9830085039138794,14.818181037902832,1.7218570709228516,0.0016828000079840422,0.0006894999532960355
435,1.6178622245788574,14.832545280456543,1.722452998161316,0.0016414999845437706,0.0006384000298567116
436,1.91274893283844,14.847623825073242,1.7232415676116943,0.0016495000454597175,0.0006397999823093414
437,1.9349819421768188,14.86170768737793,1.7226121425628662,0.001657299988437444,0.0006328999879769981
438,1.9772846698760986,14.875367164611816,1.7199194431304932,0.0016389999655075371,0.000635799951851368
439,1.7702832221984863,14.88819694519043,1.7167203426361084,0.0016752000083215535,0.0006381000275723636
440,1.7284513711929321,14.901297569274902,1.7111546993255615,0.001868200022727251,0.0006871999939903617
441,1.8235183954238892,14.91490364074707,1.7073049545288086,0.0016972000012174249,0.0006787999882362783
442,1.8573715686798096,14.928462982177734,1.7037726640701294,0.001659100002143532,0.0006383999716490507
443,1.8860342502593994,14.941965103149414,1.7002297639846802,0.0016672000056132674,0.000638199970126152
444,1.869145393371582,14.95533275604248,1.697525978088379,0.001665300049353391,0.0006739000091329217
445,1.640648365020752,14.968878746032715,1.6949536800384521,0.0016765999607741833,0.0006349000032059848
446,1.8331608772277832,14.98315715789795,1.6938985586166382,0.00166090001584962,0.000644699961412698
447,1.730307698249817,14.997773170471191,1.694546103477478,0.0020194999524392188,0.0006475999834947288
448,2.025881767272949,15.012542724609375,1.6953792572021484,0.0017339999903924763,0.0007010999834164977
449,1.7259145975112915,15.026369094848633,1.6939287185668945,0.0016676000086590648,0.0006370000191964209
450,1.8774340152740479,15.041160583496094,1.693038821220398,0.0016466999659314752,0.0006338999955914915
451,1.7910033464431763,15.05550479888916,1.6911958456039429,0.0017248999793082476,0.0006719999946653843
452,2.0451741218566895,15.070019721984863,1.6896227598190308,0.001673599996138364,0.0006399000412784517
453,1.7066936492919922,15.08309268951416,1.6889724731445312,0.0016697000246495008,0.0006355000077746809
454,1.8266446590423584,15.09696102142334,1.6904176473617554,0.001763499982189387,0.0006551999831572175
455,2.0063881874084473,15.110556602478027,1.6920384168624878,0.0016897000023163855,0.0006719999946653843
456,1.9897536039352417,15.123444557189941,1.6937272548675537,0.0016969999996945262,0.0006372000207193196
457,1.7561297416687012,15.135915756225586,1.6941919326782227,0.0016485000378452241,0.0006501000025309622
458,1.6516791582107544,15.1494779586792,1.6936473846435547,0.001665599993430078,0.000638800032902509
459,1.7663252353668213,15.16375732421875,1.6926971673965454,0.0016651999903842807,0.0006368000176735222
460,1.8997076749801636,15.178412437438965,1.6927528381347656,0.0016632999759167433,0.0006399999838322401
461,1.9644200801849365,15.192788124084473,1.6925323009490967,0.0018369999597780406,0.00064439995912835
462,1.8639516830444336,15.206451416015625,1.6904453039169312,0.0016929999692365527,0.0006787999882362783
463,1.8763796091079712,15.219836235046387,1.687009572982788,0.0016582999960519373,0.0006753999623470008
464,1.6030499935150146,15.23278522491455,1.684786081314087,0.0016932999715209007,0.0006362000131048262
465,1.788056492805481,15.246451377868652,1.6831270456314087,0.001672400045208633,0.0006608000257983804
466,1.6168272495269775,15.260687828063965,1.6833744049072266,0.0016766000189818442,0.0006438000127673149
467,1.965554118156433,15.276185989379883,1.6857348680496216,0.001656699983868748,0.0006366000161506236
468,1.8337154388427734,15.290549278259277,1.6876001358032227,0.0016879999893717468,0.0006554000428877771
469,1.9813203811645508,15.30493450164795,1.6897950172424316,0.001665899995714426,0.0006679999642074108
470,1.8257842063903809,15.319561958312988,1.6940137147903442,0.0016628000303171575,0.0006360000115819275
471,1.8761659860610962,15.334307670593262,1.6971886157989502,0.0016536000184714794,0.0006369000184349716
472,1.9261698722839355,15.349002838134766,1.7023656368255615,0.0016642000409774482,0.0006396999815478921
473,1.8187779188156128,15.363478660583496,1.7099748849868774,0.0016704999725334346,0.0006404999876394868
474,1.762424111366272,15.378689765930176,1.7169933319091797,0.0016669000033289194,0.0006367000169120729
475,1.8675320148468018,15.393924713134766,1.7293363809585571,0.0017359000048600137,0.0006423000013455749
476,1.91395103931427,15.408622741699219,1.7362217903137207,0.0016710999771021307,0.0006571000558324158
477,1.5998891592025757,15.422990798950195,1.7372578382492065,0.0016529999556951225,0.0006387999746948481
478,1.8219650983810425,15.437980651855469,1.7395246028900146,0.0016778999706730247,0.0006425000028684735
479,1.7303698062896729,15.452828407287598,1.730122447013855,0.001659700006712228,0.0006364000146277249
480,1.7513320446014404,15.467680931091309,1.7162842750549316,0.0016716999816708267,0.0006387999746948481
481,1.7631700038909912,15.483072280883789,1.7051419019699097,0.0016599000082351267,0.0006426000036299229
482,1.8232049942016602,15.498332977294922,1.6911883354187012,0.0017685999628156424,0.0006722999969497323
483,1.7915452718734741,15.513614654541016,1.68276846408844,0.0016719999839551747,0.0006544999778270721
484,1.7926039695739746,15.530335426330566,1.679624080657959,0.001658799999859184,0.0006403999868780375
485,1.8909958600997925,15.546782493591309,1.6777478456497192,0.0016630999743938446,0.000653600029181689
486,1.7750270366668701,15.562076568603516,1.6750309467315674,0.0016538999625481665,0.0006318999803625047
487,1.7487174272537231,15.577614784240723,1.6735007762908936,0.0016545000253245234,0.000638200028333813
488,1.724424958229065,15.593873977661133,1.6718544960021973,0.0016550999716855586,0.000638200028333813
489,1.7743357419967651,15.610631942749023,1.6692116260528564,0.0017711999826133251,0.0006364999571815133
490,1.973668098449707,15.627177238464355,1.6702489852905273,0.001692500023636967,0.0006820999551564455
491,1.6913647651672363,15.643190383911133,1.673621654510498,0.0016625000280328095,0.0006446000188589096
492,1.8537585735321045,15.659395217895508,1.674868106842041,0.0016620999667793512,0.0006352000054903328
493,1.6938860416412354,15.674948692321777,1.6767306327819824,0.0016499999910593033,0.0006403999868780375
494,1.8854092359542847,15.690963745117188,1.6759202480316162,0.0016801999881863594,0.0006414999952539802
495,1.7561074495315552,15.706392288208008,1.6786044836044312,0.0016602000105194747,0.0006354000070132315
496,1.8259196281433105,15.721989631652832,1.6849597692489624,0.0016968999989330769,0.0006409999914467335
497,1.97416090965271,15.737785339355469,1.6870710849761963,0.0016778000281192362,0.000673700007610023
498,1.8059601783752441,15.752896308898926,1.6866236925125122,0.0016523999511264265,0.0006399999838322401
499,1.7478525638580322,15.767827987670898,1.6834864616394043,0.0016611999599263072,0.0006393999792635441
500,1.8046525716781616,15.783332824707031,1.6803178787231445,0.0016672000056132674,0.0006338999955914915
501,1.7821900844573975,15.798192024230957,1.678641438484192,0.0016463000210933387,0.000637299963273108
502,1.8823496103286743,15.812509536743164,1.6733723878860474,0.0016574999899603426,0.000638800032902509
503,1.8296765089035034,15.826164245605469,1.6709718704223633,0.0017336999881081283,0.0006338999955914915
504,1.7589163780212402,15.839766502380371,1.666495442390442,0.0017167999758385122,0.000714800029527396
505,1.7159099578857422,15.853304862976074,1.6627131700515747,0.0016660999972373247,0.000644999963697046
506,1.6680375337600708,15.867121696472168,1.6586154699325562,0.0016534000169485807,0.0006370000191964209
507,1.744409203529358,15.881308555603027,1.6556625366210938,0.0017039000522345304,0.0006474999827332795
508,1.9729869365692139,15.895181655883789,1.6521649360656738,0.0016775999683886766,0.0006454000249505043
509,2.1284923553466797,15.908778190612793,1.6500678062438965,0.001699600019492209,0.0006653000018559396
510,1.8992446660995483,15.92077350616455,1.6456786394119263,0.001687500043772161,0.0006441000150516629
511,1.7537215948104858,15.932746887207031,1.643658995628357,0.0016833000117912889,0.0006547999801114202
512,1.9019802808761597,15.944915771484375,1.6415205001831055,0.0016488999826833606,0.0006458000279963017
513,1.824259877204895,15.95794677734375,1.6405705213546753,0.001965800009202212,0.0007402999908663332
514,1.8401528596878052,15.971663475036621,1.6393442153930664,0.0017683000187389553,0.0007359999581240118
515,1.7740370035171509,15.98505973815918,1.6388297080993652,0.0017266999930143356,0.0006506000063382089
516,1.5033960342407227,15.99950885772705,1.639009714126587,0.0016879000468179584,0.0006698999786749482
517,1.670554518699646,16.01510238647461,1.639986515045166,0.0016874999855645,0.0006516000139527023
518,1.6551263332366943,16.031211853027344,1.640895962715149,0.0016830000095069408,0.0006424000021070242
519,1.7212982177734375,16.047435760498047,1.6440614461898804,0.001720300002489239,0.0006487000500783324
520,1.9552497863769531,16.063709259033203,1.6484405994415283,0.0017096000374294817,0.0006449000211432576
521,1.728674054145813,16.0791072845459,1.654747724533081,0.001727099996060133,0.0006519000162370503
522,1.717222809791565,16.094863891601562,1.660732626914978,0.0016776000265963376,0.0006744000129401684
523,1.9363651275634766,16.11061668395996,1.6667165756225586,0.0016827000072225928,0.0006313000340014696
524,1.6562527418136597,16.125967025756836,1.6723071336746216,0.0016468000249005854,0.0006436000112444162
525,1.7376960515975952,16.141796112060547,1.6707746982574463,0.001686599978711456,0.0006387000321410596
526,1.9894222021102905,16.157615661621094,1.6709253787994385,0.001656999986153096,0.0006356000085361302
527,1.6315573453903198,16.172670364379883,1.6674388647079468,0.0016769000212661922,0.0006412999937310815
528,1.7134804725646973,16.188302993774414,1.6650121212005615,0.0016972000012174249,0.0006448000203818083
529,1.7955446243286133,16.204771041870117,1.6603612899780273,0.0016701000276952982,0.0006433000089600682
530,1.7235075235366821,16.220888137817383,1.6491196155548096,0.0016513000009581447,0.0006427999469451606
531,1.9115278720855713,16.236827850341797,1.641784429550171,0.0016747000045143068,0.000639100035186857
532,1.8693596124649048,16.251901626586914,1.6369807720184326,0.0016730999923311174,0.0006358000100590289
533,1.8042447566986084,16.26721954345703,1.6329518556594849,0.001671499980147928,0.0006430999492295086
534,1.8099685907363892,16.28219985961914,1.632428765296936,0.0017220000154338777,0.0006584000075235963
535,1.7138376235961914,16.296972274780273,1.6323456764221191,0.0017361000063829124,0.0006818000110797584
536,1.726017951965332,16.31204605102539,1.6371707916259766,0.0016614000196568668,0.0006398999830707908
537,1.8140791654586792,16.327415466308594,1.6425018310546875,0.0016804999904707074,0.0006361000123433769
538,1.856536626815796,16.342105865478516,1.6474761962890625,0.0016687000170350075,0.0006499000010080636
539,1.835760474205017,16.356094360351562,1.6471871137619019,0.0016833000117912889,0.0006537000299431384
540,1.8684509992599487,16.369821548461914,1.6424140930175781,0.0016730999923311174,0.0006389000336639583
541,1.7391836643218994,16.383773803710938,1.6364872455596924,0.0018132999539375305,0.0006359999533742666
542,1.8713334798812866,16.39760971069336,1.6330037117004395,0.001763799984473735,0.0007325999904423952
543,1.695525050163269,16.411277770996094,1.6305586099624634,0.0017023999826051295,0.0006507000070996583
544,1.7446563243865967,16.42506980895996,1.6303472518920898,0.0018345999997109175,0.000715400034096092
545,1.9255070686340332,16.439096450805664,1.631278395652771,0.0016950999852269888,0.0006447000196203589
546,1.863715648651123,16.452638626098633,1.632545828819275,0.0016730999923311174,0.0006578000029549003
547,1.6712781190872192,16.465600967407227,1.635996699333191,0.0016570999869145453,0.0006402999861165881
548,1.5083897113800049,16.47885513305664,1.6389356851577759,0.0017615999677218497,0.0006449000211432576
549,1.689000129699707,16.493785858154297,1.6416455507278442,0.0016967999981716275,0.0006668000132776797
550,1.8571223020553589,16.509708404541016,1.6414151191711426,0.0016625000280328095,0.0006507000070996583
551,1.5093715190887451,16.525331497192383,1.6408708095550537,0.0016663999995216727,0.0006433000089600682
552,1.8906233310699463,16.54197883605957,1.6412912607192993,0.001659100002143532,0.0006321999826468527
553,1.7624616622924805,16.558170318603516,1.6406317949295044,0.001654100022278726,0.000652700022328645
554,1.6935272216796875,16.57417106628418,1.6396254301071167,0.0016775000258348882,0.0006383999716490507
555,1.7842586040496826,16.58969497680664,1.6403359174728394,0.0017846000264398754,0.0006371000199578702
556,1.7179304361343384,16.605714797973633,1.6407707929611206,0.001706700015347451,0.0007269000052474439
557,1.740391492843628,16.621707916259766,1.63944673538208,0.0016592000029049814,0.000638200028333813
558,1.8423832654953003,16.636550903320312,1.6324931383132935,0.0016757000121288002,0.0006410999922081828
559,1.7355862855911255,16.6514892578125,1.626123309135437,0.0017257999861612916,0.0006823000148870051
560,1.844191074371338,16.666528701782227,1.6209732294082642,0.0016568999853916466,0.0006417999975383282
561,1.7480299472808838,16.68158721923828,1.619654655456543,0.0016613000188954175,0.0006393999792635441
562,1.7808998823165894,16.69683837890625,1.6184344291687012,0.0017207000055350363,0.000637899967841804
563,1.7241588830947876,16.71214485168457,1.6166954040527344,0.0016885999939404428,0.0006748000159859657
564,1.7781002521514893,16.727270126342773,1.613426685333252,0.0016287000034935772,0.0006461000302806497
565,1.80670166015625,16.741870880126953,1.6094673871994019,0.0016545999678783119,0.00063699996098876
566,1.8197232484817505,16.756343841552734,1.6064192056655884,0.0016638999804854393,0.0006422000005841255
567,1.7452456951141357,16.771072387695312,1.603118658065796,0.0016577999922446907,0.0006366000161506236
568,1.7699626684188843,16.785865783691406,1.6003392934799194,0.0016531999572180212,0.0006386999739333987
569,1.9836620092391968,16.801015853881836,1.5988315343856812,0.0016644999850541353,0.0006386999739333987
570,1.675791621208191,16.81498146057129,1.600051760673523,0.0017343999934382737,0.0006402999861165881
571,2.0820789337158203,16.82942771911621,1.6042394638061523,0.0016767000197432935,0.0006667999550700188
572,1.6632269620895386,16.84256935119629,1.6103267669677734,0.0016886999947018921,0.0006386000313796103
573,1.7265377044677734,16.85629653930664,1.6164398193359375,0.0016601999523118138,0.0006388999754562974
574,1.6666358709335327,16.870454788208008,1.6219737529754639,0.0016534999595023692,0.0006543999770656228
575,1.7367278337478638,16.885425567626953,1.6230969429016113,0.0016650999896228313,0.0006384000298567116
576,1.8785512447357178,16.900341033935547,1.6236916780471802,0.0017207000055350363,0.0006426000036299229
577,1.7503052949905396,16.914608001708984,1.6238203048706055,0.0018629999831318855,0.0007730000070296228
578,1.835741639137268,16.929349899291992,1.6190104484558105,0.0016878999886102974,0.0006468999781645834
579,1.7673386335372925,16.944408416748047,1.6151084899902344,0.0016792999813333154,0.0006443000165745616
580,1.4677358865737915,16.96007537841797,1.6106250286102295,0.0016868000384420156,0.0006348000024445355
581,1.8129100799560547,16.976865768432617,1.6094563007354736,0.0016509999986737967,0.0006359000108204782
582,1.6604770421981812,16.99299430847168,1.6157207489013672,0.001678899978287518,0.0006445000180974603
583,1.5170388221740723,17.0090274810791,1.6254204511642456,0.0016901000053621829,0.0006359000108204782
584,1.8166847229003906,17.02631950378418,1.6333261728286743,0.0016975000035017729,0.0006704000406898558
585,1.5375324487686157,17.042678833007812,1.632968783378601,0.0016701000276952982,0.0006704000406898558
586,1.7825837135314941,17.06017303466797,1.63239324092865,0.0016547000268474221,0.0006356000085361302
587,1.536369800567627,17.07746124267578,1.6280726194381714,0.0016513000009581447,0.0006371000199578702
588,1.8300915956497192,17.09515953063965,1.6227331161499023,0.0016586999990977347,0.000652400020044297
589,1.660006046295166,17.112520217895508,1.6125459671020508,0.0016704999725334346,0.0006359999533742666
590,1.8061048984527588,17.129898071289062,1.59820556640625,0.0017777999746613204,0.0006957000005058944
591,1.823358416557312,17.147045135498047,1.5897305011749268,0.001853100024163723,0.0008316999883390963
592,1.6826778650283813,17.16365623474121,1.5868817567825317,0.0017152000218629837,0.000651800015475601
593,1.6152381896972656,17.18006134033203,1.5878556966781616,0.0016858000308275223,0.0006434000097215176
594,1.7456450462341309,17.197099685668945,1.5896719694137573,0.001693699974566698,0.0006420999998226762
595,1.9774879217147827,17.21335220336914,1.597092866897583,0.0016824000049382448,0.0006498000002466142
596,1.7089403867721558,17.228458404541016,1.6026997566223145,0.0016679999534972012,0.0006346000009216368
597,1.740028738975525,17.243778228759766,1.6049576997756958,0.001802199985831976,0.0006420999998226762
598,1.7612903118133545,17.258859634399414,1.6042817831039429,0.001716200029477477,0.0007438999600708485
599,1.7320009469985962,17.273757934570312,1.6022785902023315,0.0016582999960519373,0.0006374000222422183
600,1.7011533975601196,17.288816452026367,1.5971713066101074,0.0016719000414013863,0.0006399999838322401
601,1.5992258787155151,17.303943634033203,1.5944690704345703,0.001668799959588796,0.0006361000123433769
602,1.706295132637024,17.320035934448242,1.5931522846221924,0.0016605000128038228,0.0006351000047288835
603,1.707503080368042,17.335853576660156,1.5921053886413574,0.0017408999847248197,0.0006395000382326543
604,1.780065894126892,17.352256774902344,1.5947892665863037,0.0017248999793082476,0.0006409999914467335
605,1.6835967302322388,17.368680953979492,1.5963038206100464,0.0016847000224515796,0.0006487000500783324
606,1.6962730884552002,17.385272979736328,1.5981848239898682,0.0016663999995216727,0.0006453999667428434
607,1.6175568103790283,17.40154266357422,1.6003386974334717,0.0016667000018060207,0.0006467000348493457
608,1.7193957567214966,17.418014526367188,1.6027637720108032,0.0016493999864906073,0.000640900048892945
609,1.63636314868927,17.435142517089844,1.6035932302474976,0.0016628000303171575,0.0006411999929696321
610,1.5158921480178833,17.452112197875977,1.6030387878417969,0.0016537000192329288,0.0006370000191964209
611,1.5844241380691528,17.46924591064453,1.6000245809555054,0.0016910000122152269,0.0006399999838322401
612,1.828013300895691,17.486223220825195,1.5971648693084717,0.00166680000256747,0.0006569000543095171
613,2.007079601287842,17.502269744873047,1.5922532081604004,0.0016486000386066735,0.0006343999993987381
614,1.7147278785705566,17.516765594482422,1.5827428102493286,0.0016500999918207526,0.0006414999952539802
615,1.764551043510437,17.531158447265625,1.5771149396896362,0.0016573999891988933,0.0006371000199578702
616,1.7266101837158203,17.545269012451172,1.572823166847229,0.001715000020340085,0.0006346000009216368
617,1.6611064672470093,17.560104370117188,1.5713417530059814,0.0016555000329390168,0.0006392999785020947
618,1.771492838859558,17.574989318847656,1.5710725784301758,0.001718199986498803,0.0006357000092975795
619,1.661080002784729,17.589263916015625,1.5722568035125732,0.0018402999849058688,0.0007173999911174178
620,1.6335747241973877,17.603822708129883,1.5736860036849976,0.0016774999676272273,0.0006493999972008169
621,1.6997939348220825,17.618213653564453,1.5724138021469116,0.0016759000136516988,0.0006353000062517822
622,1.7770367860794067,17.633058547973633,1.5712889432907104,0.0016930000274442136,0.0006398000405170023
623,1.6551892757415771,17.647294998168945,1.5712554454803467,0.0017142000142484903,0.0006396999815478921
624,1.6585339307785034,17.6617488861084,1.5714207887649536,0.0016731999930925667,0.0006447000196203589
625,1.6413966417312622,17.676542282104492,1.5740684270858765,0.0016935000312514603,0.0006404999876394868
626,1.7211953401565552,17.69110870361328,1.5760577917099,0.001720300002489239,0.0007040000054985285
627,1.6967910528182983,17.70531463623047,1.577528715133667,0.001670299971010536,0.0006351000047288835
628,1.665611982345581,17.719478607177734,1.5788439512252808,0.0016590000013820827,0.00063699996098876
629,1.641282320022583,17.734167098999023,1.5812222957611084,0.0016702000284567475,0.000638200028333813
630,1.7432225942611694,17.7491455078125,1.5789128541946411,0.001669999968726188,0.0006350000039674342
631,1.6616114377975464,17.76370620727539,1.576688289642334,0.0016684000147506595,0.0006380999693647027
632,1.6549795866012573,17.777996063232422,1.574026107788086,0.001670899975579232,0.0006370999617502093
633,1.6737265586853027,17.792617797851562,1.5733342170715332,0.0018150999676436186,0.0007042000070214272
634,1.5643680095672607,17.806842803955078,1.5739895105361938,0.001677999971434474,0.0006411999929696321
635,1.4477053880691528,17.821212768554688,1.5765039920806885,0.0017041999963112175,0.0006361000123433769
636,1.57988440990448,17.83643913269043,1.5754932165145874,0.0016644999850541353,0.0006448999629355967
637,1.762147307395935,17.851398468017578,1.575280785560608,0.001706700015347451,0.0006370000191964209
638,1.676544427871704,17.8657283782959,1.572506070137024,0.001671500038355589,0.0006410999922081828
639,1.6561553478240967,17.879728317260742,1.5736193656921387,0.001707599963992834,0.0006417999975383282
640,1.7074220180511475,17.894031524658203,1.5741972923278809,0.001768500020261854,0.0006760999676771462
641,1.4749923944473267,17.907957077026367,1.571285367012024,0.001684500020928681,0.0006481999880634248
642,1.748030185699463,17.922521591186523,1.573938012123108,0.001680699991993606,0.0006413999944925308
643,1.6005723476409912,17.936538696289062,1.5775636434555054,0.00167269998928532,0.000637599965557456
644,1.5561209917068481,17.950590133666992,1.575844645500183,0.0016796999843791127,0.0006390000344254076
645,1.5720714330673218,17.96443748474121,1.5749707221984863,0.0016867999802343547,0.0006385999731719494
646,1.6476051807403564,17.978797912597656,1.5732967853546143,0.0016963999951258302,0.0006336000515148044
647,1.864190936088562,17.99274253845215,1.572298288345337,0.0018221000209450722,0.0006920999730937183
648,1.5759127140045166,18.00674819946289,1.568979024887085,0.0017222000169567764,0.0006366000161506236
649,1.5986891984939575,18.02146339416504,1.5668871402740479,0.0018450000206939876,0.0006512000109069049
650,1.7394540309906006,18.036012649536133,1.5646162033081055,0.0017315000295639038,0.0006639999919570982
651,1.6078736782073975,18.05034637451172,1.56131911277771,0.0017050000024028122,0.0006436000112444162
652,1.5445449352264404,18.06500816345215,1.558765172958374,0.001705800008494407,0.0006668999558314681
653,1.7839118242263794,18.080018997192383,1.560581922531128,0.0017533000209368765,0.000640300044324249
654,1.6413625478744507,18.094514846801758,1.5735464096069336,0.0017038999940268695,0.0006543000345118344
655,1.6732397079467773,18.1086483001709,1.5860843658447266,0.0017118000541813672,0.0006423000013455749
656,1.6518183946609497,18.12290382385254,1.5981630086898804,0.001701100030913949,0.0006334999925456941
657,1.5321605205535889,18.137073516845703,1.5994102954864502,0.0017066000145860016,0.0006402000435627997
658,1.7277811765670776,18.151201248168945,1.6002999544143677,0.001709400035906583,0.0006372000207193196
659,1.522480845451355,18.165069580078125,1.587787389755249,0.0017185999895446002,0.0006423000013455749
660,1.5349245071411133,18.1798038482666,1.5739210844039917,0.0018003000295720994,0.0006387999746948481
661,1.48578679561615,18.19455909729004,1.5608919858932495,0.001811699999962002,0.0007136000203900039
662,1.5998185873031616,18.20924949645996,1.5555967092514038,0.0017251000390388072,0.0006413999944925308
663,1.5242074728012085,18.224233627319336,1.5602807998657227,0.0017985999584197998,0.000639700039755553
664,1.7994590997695923,18.239803314208984,1.5673855543136597,0.0017231999663636088,0.0006351999472826719
665,1.5125027894973755,18.2548885345459,1.574601650238037,0.0017243000329472125,0.0006399999838322401
666,1.9272440671920776,18.270105361938477,1.571284532546997,0.0017395999748259783,0.0006432000081986189
667,1.5813521146774292,18.284332275390625,1.5653525590896606,0.0017740000039339066,0.0006463000318035483
668,1.5152908563613892,18.298994064331055,1.5576143264770508,0.0017307000234723091,0.0006484999903477728
669,1.4907281398773193,18.313846588134766,1.5486702919006348,0.001733599987346679,0.0006420999998226762
670,1.4557079076766968,18.328920364379883,1.5410431623458862,0.0017395000322721899,0.0006381000275723636
671,1.8005585670471191,18.34505271911621,1.5354493856430054,0.0017192000523209572,0.0006364000146277249
672,1.5457919836044312,18.36046028137207,1.5303120613098145,0.0017618000274524093,0.0006362000131048262
673,1.4740643501281738,18.376079559326172,1.5271532535552979,0.001736000005621463,0.0006411000504158437
674,1.7979375123977661,18.391529083251953,1.5256659984588623,0.0019026999943889678,0.0006553999846801162
675,1.6034176349639893,18.40642738342285,1.5268193483352661,0.0017311999690718949,0.000645300024189055
676,1.6816965341567993,18.42127799987793,1.5269631147384644,0.001761699968483299,0.0006394999800249934
677,1.741178035736084,18.43669891357422,1.524526834487915,0.0017537999665364623,0.0006912000244483352
678,1.757814645767212,18.451709747314453,1.5222924947738647,0.0017466999706812203,0.0006459999713115394
679,1.6924890279769897,18.467411041259766,1.5220106840133667,0.0017610000213608146,0.0006347000016830862
680,1.732407569885254,18.483219146728516,1.5247917175292969,0.0017364000086672604,0.0006379000260494649
681,1.594186544418335,18.49908447265625,1.5310696363449097,0.0019181999959982932,0.0006629999843426049
682,1.5582938194274902,18.514612197875977,1.542155146598816,0.0017609999631531537,0.0006490999949164689
683,1.7381254434585571,18.52981948852539,1.558251976966858,0.0017614999669604003,0.0006354000070132315
684,1.5361894369125366,18.54477310180664,1.5673717260360718,0.0017781999777071178,0.0006431000074371696
685,1.6458027362823486,18.55994415283203,1.5725843906402588,0.001756399986334145,0.0006368000176735222
686,1.6969915628433228,18.574155807495117,1.572916030883789,0.0017497999942861497,0.0006397999823093414
687,1.7648870944976807,18.5883731842041,1.5695786476135254,0.00178829999640584,0.0006365000153891742
688,1.5720338821411133,18.60252571105957,1.5525572299957275,0.0017931999755091965,0.0006971000111661851
689,1.6911934614181519,18.61635398864746,1.5378328561782837,0.0017466000281274319,0.0006406999891623855
690,1.634899616241455,18.630290985107422,1.5267072916030884,0.0017390999710187316,0.0006382999708876014
691,1.5376899242401123,18.644437789916992,1.518699288368225,0.0017596999532543123,0.0006376999663189054
692,1.699746012687683,18.65837860107422,1.516892433166504,0.0017648999928496778,0.0006454000249505043
693,1.5592637062072754,18.672618865966797,1.5216679573059082,0.0017669000080786645,0.000639400037471205
694,1.6249151229858398,18.687328338623047,1.5322420597076416,0.0017849999712780118,0.0006505000055767596
695,1.6404162645339966,18.703256607055664,1.5422157049179077,0.00178540003253147,0.0006469999789260328
696,1.650700569152832,18.7191104888916,1.5470529794692993,0.0017560000414960086,0.0006469000363722444
697,1.5912079811096191,18.734760284423828,1.5559626817703247,0.0017460000235587358,0.0006655000033788383
698,1.6464332342147827,18.750459671020508,1.5580247640609741,0.001756100042257458,0.0006341999978758395
699,1.5706855058670044,18.766267776489258,1.5540151596069336,0.0017525999573990703,0.0006353000062517822
700,1.7982817888259888,18.781997680664062,1.547191858291626,0.0018396000377833843,0.0006353000062517822
701,1.725325345993042,18.79727554321289,1.543285608291626,0.0018766999710351229,0.0006766000296920538
702,1.6647359132766724,18.812179565429688,1.5414409637451172,0.0018104000482708216,0.0007347999489866197
703,1.58269202709198,18.82694435119629,1.5400804281234741,0.0017583000008016825,0.0006407999899238348
704,1.556716799736023,18.841856002807617,1.5378787517547607,0.0017597000114619732,0.0006469999789260328
705,1.5839204788208008,18.85741424560547,1.5367188453674316,0.0017721999902278185,0.0006358000100590289
706,1.4603604078292847,18.873048782348633,1.5377528667449951,0.0017783999792300165,0.0006441000150516629
707,1.6559102535247803,18.889179229736328,1.540067195892334,0.0017695000278763473,0.0006750000175088644
708,1.5886048078536987,18.904926300048828,1.5423487424850464,0.0018360000103712082,0.0006557999877259135
709,1.6063040494918823,18.920984268188477,1.5454304218292236,0.0018106999923475087,0.0006394999800249934
710,1.6248152256011963,18.93712615966797,1.5406497716903687,0.0017901999526657164,0.0006374000222422183
711,1.5671368837356567,18.953153610229492,1.5304549932479858,0.0017711000400595367,0.0006403999868780375
712,1.4799087047576904,18.969484329223633,1.5208687782287598,0.0017678000149317086,0.0006373000214807689
713,1.745584487915039,18.98670768737793,1.5178431272506714,0.0018016000394709408,0.0006375000230036676
714,1.810991883277893,19.003475189208984,1.5219380855560303,0.0018361000111326575,0.0006637999904341996
715,1.806040644645691,19.019407272338867,1.5322767496109009,0.0019342000014148653,0.0006858999840915203
716,1.5562057495117188,19.03533935546875,1.541077971458435,0.001782700011972338,0.0006434000097215176
717,1.6167566776275635,19.05253791809082,1.5420713424682617,0.001810199988540262,0.0006331999902613461
718,1.5531342029571533,19.06951141357422,1.540523886680603,0.0017986000166274607,0.0006354999495670199
719,1.6003228425979614,19.086410522460938,1.5379161834716797,0.0017933999770320952,0.0006463999743573368
720,1.6020216941833496,19.10324478149414,1.53658926486969,0.0017963999998755753,0.0006502000032924116
721,1.7288429737091064,19.120615005493164,1.539346694946289,0.0019040000042878091,0.000632000039331615
722,1.574912667274475,19.13754653930664,1.534030795097351,0.001819099998101592,0.0006465999758802354
723,1.4312645196914673,19.154611587524414,1.5239155292510986,0.0018100999877788126,0.0006351000047288835
724,1.612393856048584,19.172452926635742,1.5168801546096802,0.001896000001579523,0.0006399999838322401
725,1.7655247449874878,19.189987182617188,1.5128395557403564,0.0018208000110462308,0.0006408000481314957
726,1.8225153684616089,19.20639991760254,1.506358027458191,0.0018304999684914947,0.0006433000089600682
727,1.6209585666656494,19.22264289855957,1.502629280090332,0.001902499992866069,0.0006448999629355967
728,1.4357179403305054,19.23909568786621,1.499709963798523,0.0019714999943971634,0.0006597000174224377
729,1.6538219451904297,19.2558650970459,1.497580885887146,0.0018279999494552612,0.0006387999746948481
730,1.5368436574935913,19.272319793701172,1.4978872537612915,0.0018288999563083053,0.0006396999815478921
731,1.4314298629760742,19.289405822753906,1.496806025505066,0.0018342999974265695,0.0006356000085361302
732,1.5840826034545898,19.30731201171875,1.4968671798706055,0.0018330999882891774,0.0006397999823093414
733,1.4090713262557983,19.32530975341797,1.4979097843170166,0.0018646999960765243,0.0006361000123433769
734,1.7451242208480835,19.34310531616211,1.4937078952789307,0.0019049999536946416,0.0006420999998226762
735,1.4888094663619995,19.360206604003906,1.4841344356536865,0.001872299995739013,0.0006920999730937183
736,1.4824748039245605,19.377614974975586,1.4767882823944092,0.0018477000412531197,0.0006390999769791961
737,1.3797019720077515,19.394731521606445,1.4702813625335693,0.0018633999861776829,0.0006350000039674342
738,1.5020774602890015,19.411760330200195,1.47186279296875,0.0018532999674789608,0.000652400020044297
739,1.5894407033920288,19.428876876831055,1.4750899076461792,0.0018607999663800001,0.0006438000127673149
740,1.5376585721969604,19.445581436157227,1.4800561666488647,0.0018554999842308462,0.0006444000173360109
741,1.7270925045013428,19.462657928466797,1.487268090248108,0.00200920004863292,0.0006599000189453363
742,1.671144723892212,19.47862434387207,1.494492530822754,0.002002499997615814,0.0007095999899320304
743,1.7244383096694946,19.494291305541992,1.5017333030700684,0.0018699999782256782,0.0006496999994851649
744,1.6537952423095703,19.509336471557617,1.508069396018982,0.0018845999729819596,0.000644999963697046
745,1.5517385005950928,19.524173736572266,1.5070688724517822,0.0018619999755173922,0.0006377999670803547
746,1.4964791536331177,19.539213180541992,1.502879023551941,0.0018641999922692776,0.0006360000115819275
747,1.5057977437973022,19.554269790649414,1.49724280834198,0.001954600040335208,0.0006486999918706715
748,1.5417273044586182,19.570043563842773,1.4919993877410889,0.0018862999859265983,0.0006528000230900943
749,1.5789265632629395,19.585678100585938,1.488901138305664,0.0019239999819546938,0.0006577000021934509
750,1.5339841842651367,19.601520538330078,1.488434910774231,0.00198830000590533,0.0006820999551564455
751,1.6074270009994507,19.61756706237793,1.489704966545105,0.0018749000155366957,0.0006419999990612268
752,1.4509986639022827,19.63346290588379,1.4944521188735962,0.0018684000242501497,0.0006345000001601875
753,1.825372576713562,19.649553298950195,1.4946138858795166,0.0018999000312760472,0.0006372000207193196
754,1.6320022344589233,19.664400100708008,1.485865831375122,0.0021046000183559954,0.0006603000219911337
755,1.579841136932373,19.678831100463867,1.477097749710083,0.0018887000042013824,0.0006397999823093414
756,1.5741405487060547,19.693355560302734,1.469808578491211,0.0019089000415988266,0.0006404999876394868
757,1.528424859046936,19.707841873168945,1.4661616086959839,0.0019042000058107078,0.0006411999929696321
758,1.4789209365844727,19.722169876098633,1.4629267454147339,0.001879699993878603,0.000639400037471205
759,1.494935154914856,19.737533569335938,1.4628428220748901,0.0018888000049628317,0.0006349000032059848
760,1.4717426300048828,19.75276756286621,1.4638478755950928,0.0020299999741837382,0.0006725999992340803
761,1.4951245784759521,19.768051147460938,1.4650626182556152,0.001901899988297373,0.0006520000169984996
762,1.6346657276153564,19.78413200378418,1.4678720235824585,0.0018952000536955893,0.0006343999993987381
763,1.4591412544250488,19.799379348754883,1.4725974798202515,0.001915500033646822,0.0006455000257119536
764,1.5998358726501465,19.81471824645996,1.4761327505111694,0.0018973000114783645,0.0006393999792635441
765,1.6165317296981812,19.82937240600586,1.477409839630127,0.0018903000163845718,0.0006371000199578702
766,1.5028542280197144,19.843360900878906,1.4779868125915527,0.0019665000145323575,0.0006353000062517822
767,1.2833393812179565,19.857872009277344,1.4817492961883545,0.0021504000178538263,0.0007261999999172986
768,1.430911660194397,19.872425079345703,1.4866611957550049,0.0019204000127501786,0.0006432000081986189
769,1.4748265743255615,19.888349533081055,1.4970451593399048,0.0020751000265590847,0.0007310999790206552
770,1.5805584192276,19.904319763183594,1.5034574270248413,0.0019406000501476228,0.0006487999926321208
771,1.6684186458587646,19.920303344726562,1.5023915767669678,0.001936499960720539,0.000645600026473403
772,1.5869344472885132,19.9361515045166,1.4955588579177856,0.002181700023356825,0.0006422000005841255
773,1.66420316696167,19.952089309692383,1.4844528436660767,0.001969899982213974,0.0007382999756373465
774,1.295859456062317,19.96727180480957,1.4791018962860107,0.0019352000090293586,0.0006468999781645834
775,1.5915849208831787,19.98307991027832,1.4744361639022827,0.001913699961733073,0.0006579000037163496
776,1.5204355716705322,19.998611450195312,1.4689478874206543,0.0019295000238344073,0.0006579000037163496
777,1.3929357528686523,20.014026641845703,1.460513949394226,0.001955399988219142,0.0006435999530367553
778,1.649352788925171,20.03004264831543,1.451464295387268,0.001981999957934022,0.000652100017759949
779,1.4825915098190308,20.045379638671875,1.4458961486816406,0.001950100006069988,0.000658600009046495
780,1.4475206136703491,20.060806274414062,1.442824363708496,0.0019326999899931252,0.0006369000184349716
781,1.5199583768844604,20.076339721679688,1.4463218450546265,0.00193500000750646,0.0006386000313796103
782,1.2594399452209473,20.091339111328125,1.4492928981781006,0.0019485000520944595,0.000639100035186857
783,1.6694570779800415,20.106935501098633,1.4512078762054443,0.001968700031284243,0.0006375000230036676
784,1.5245429277420044,20.122440338134766,1.4508863687515259,0.0019561999943107367,0.0006528000230900943
785,1.5658799409866333,20.138391494750977,1.448452115058899,0.002064200001768768,0.0006836999673396349
786,1.3431365489959717,20.153881072998047,1.4476622343063354,0.0020554999937303364,0.0006487999926321208
787,1.4867985248565674,20.169858932495117,1.4555548429489136,0.002002199995331466,0.0006874999962747097
788,1.516872525215149,20.186250686645508,1.4609843492507935,0.0019691999768838286,0.0006414999952539802
789,1.3309032917022705,20.2022762298584,1.4578748941421509,0.001954000035766512,0.0006541999755427241
790,1.5962378978729248,20.218162536621094,1.4583064317703247,0.0020138000254519284,0.0006415999960154295
791,1.309483528137207,20.233722686767578,1.4521756172180176,0.002105600025970489,0.0006620999774895608
792,1.6426913738250732,20.25022315979004,1.4527947902679443,0.001999499974772334,0.000653300026897341
793,1.6287304162979126,20.26592254638672,1.4585387706756592,0.001978199987206608,0.0006360000115819275
794,1.5897130966186523,20.281614303588867,1.467172384262085,0.00197049998678267,0.0006459999713115394
795,1.3194688558578491,20.29778480529785,1.4771833419799805,0.0019511000136844814,0.0006380000268109143
796,1.6744152307510376,20.314674377441406,1.4783920049667358,0.002013699966482818,0.0006478999857790768
797,1.570068120956421,20.331022262573242,1.475622534751892,0.0022385999909602106,0.000692899979185313
798,1.3950369358062744,20.347410202026367,1.4518742561340332,0.0020106000010855496,0.0006699999794363976
799,1.5658936500549316,20.363563537597656,1.4394975900650024,0.0019742000149562955,0.0006440000142902136
800,1.6547415256500244,20.378864288330078,1.4404258728027344,0.0019625999848358333,0.0006364999571815133
801,1.6267507076263428,20.39353370666504,1.447080373764038,0.0019786999910138547,0.000633500050753355
802,1.4735139608383179,20.40740394592285,1.450743556022644,0.0020315999863669276,0.0006367999594658613
803,1.4451961517333984,20.421642303466797,1.456747055053711,0.002001299988478422,0.0006433999515138566
804,1.5624207258224487,20.43616485595703,1.4559330940246582,0.0019890000112354755,0.000643199949990958
805,1.6871113777160645,20.45112419128418,1.452407956123352,0.001986499992199242,0.0006353000062517822
806,1.498563289642334,20.466564178466797,1.4454389810562134,0.0019701000419445336,0.0006448000203818083
807,1.7480219602584839,20.481639862060547,1.434673547744751,0.0019906999659724534,0.0006406999891623855
808,1.3071800470352173,20.49701690673828,1.4266642332077026,0.001974100014194846,0.0006452000234276056
809,1.6220300197601318,20.512813568115234,1.4323337078094482,0.001985600043553859,0.0006375000230036676
810,1.5221643447875977,20.528146743774414,1.4342458248138428,0.002026700007263571,0.0007245999877341092
811,1.5504968166351318,20.54424285888672,1.4305144548416138,0.001969299977645278,0.0006472000386565924
812,1.4854246377944946,20.560855865478516,1.4250288009643555,0.001960999972652644,0.0006390999769791961
813,1.6463037729263306,20.577312469482422,1.4226902723312378,0.0019705999875441194,0.0006361999548971653
814,1.7042198181152344,20.593360900878906,1.4254190921783447,0.002009500050917268,0.0006458999705500901
815,1.4922223091125488,20.60883903503418,1.4285749197006226,0.001982100016903132,0.0006354000070132315
816,1.4196240901947021,20.62381935119629,1.4346199035644531,0.0019975000177510083,0.0006556999869644642
817,1.4974101781845093,20.63909339904785,1.4397876262664795,0.0019825000199489295,0.0006640000501647592
818,1.4949102401733398,20.65447235107422,1.4440510272979736,0.0019835999701172113,0.0006327999872155488
819,1.5254380702972412,20.670072555541992,1.4475047588348389,0.0019689000328071415,0.0006440000142902136
820,1.4894074201583862,20.685304641723633,1.4498677253723145,0.0019688999745994806,0.0006365000153891742
821,1.4360326528549194,20.700111389160156,1.4497476816177368,0.0019684999715536833,0.0006323999841697514
822,1.41603422164917,20.715097427368164,1.446524739265442,0.002070399990770966,0.0006367000169120729
823,1.6286437511444092,20.73105239868164,1.4463348388671875,0.0019839999731630087,0.0006554999854415655
824,1.5374995470046997,20.747135162353516,1.4395257234573364,0.001979699998628348,0.0006434000097215176
825,1.5220966339111328,20.763214111328125,1.4294136762619019,0.0019753999658860266,0.0006374999647960067
826,1.6858268976211548,20.779415130615234,1.4200677871704102,0.0019765999750234187,0.0006370999617502093
827,1.5538971424102783,20.795289993286133,1.4110479354858398,0.001975500024855137,0.0006330999894998968
828,1.4675811529159546,20.811656951904297,1.410029411315918,0.0020838999771513045,0.0006423000013455749
829,1.6510744094848633,20.828060150146484,1.4102717638015747,0.00201489997562021,0.0006701999809592962
830,1.344684362411499,20.84442901611328,1.41225004196167,0.0019764999742619693,0.0006362000131048262
831,1.3306384086608887,20.861907958984375,1.4107294082641602,0.001980000000912696,0.0006401999853551388
832,1.5555113554000854,20.880170822143555,1.4098159074783325,0.001968800032045692,0.0006386000313796103
833,1.6838123798370361,20.897851943969727,1.4022471904754639,0.0019665000145323575,0.0006283000111579895
834,1.7792723178863525,20.915067672729492,1.3909839391708374,0.0019740999559871852,0.0006370000191964209
835,1.5494043827056885,20.931806564331055,1.382399082183838,0.0020061000250279903,0.0006947999936528504
836,1.26419198513031,20.948076248168945,1.3762290477752686,0.0019753999658860266,0.0006318999803625047
837,1.4196840524673462,20.96491050720215,1.3750230073928833,0.0019765000324696302,0.0006365000153891742
838,1.5824214220046997,20.9819278717041,1.376236915588379,0.001969299977645278,0.000638800032902509
839,1.54038667678833,20.99864387512207,1.380113959312439,0.0020132000208832324,0.0006358000100590289
840,1.512526512145996,21.01556968688965,1.3770055770874023,0.00196899997536093,0.0006394999800249934
841,1.6046617031097412,21.03266143798828,1.3742499351501465,0.001986500050406903,0.0006637999904341996
842,1.5809718370437622,21.0489559173584,1.3710908889770508,0.001980500004719943,0.0006504000048153102
843,1.4483600854873657,21.06460952758789,1.3709083795547485,0.0019730000058189034,0.0006553999846801162
844,1.2471243143081665,21.079692840576172,1.3795721530914307,0.001979900000151247,0.0006343999993987381
845,1.7755249738693237,21.095233917236328,1.3960591554641724,0.00198679999448359,0.000638800032902509
846,1.4031848907470703,21.109724044799805,1.4120099544525146,0.001980000000912696,0.000637599965557456
847,1.5570392608642578,21.12404441833496,1.4357037544250488,0.002074899966828525,0.0006366000161506236
848,1.72219979763031,21.137836456298828,1.453119158744812,0.0020059000235050917,0.0006790999905206263
849,1.2622044086456299,21.150760650634766,1.4659600257873535,0.001975300023332238,0.0006360000115819275
850,1.2794066667556763,21.164485931396484,1.4757541418075562,0.001976400031708181,0.0006386000313796103
851,1.4259958267211914,21.178483963012695,1.4650200605392456,0.0019574000034481287,0.0006394999800249934
852,1.486477017402649,21.192493438720703,1.439251184463501,0.001984999980777502,0.000633500050753355
853,1.6142033338546753,21.206344604492188,1.408305287361145,0.00199419999262318,0.0006580000044777989
854,1.5894023180007935,21.22037696838379,1.379656434059143,0.0019805999472737312,0.000644099956844002
855,1.3982744216918945,21.23520851135254,1.3598064184188843,0.0019518000190146267,0.0006386999739333987
856,1.6260316371917725,21.25,1.349661111831665,0.0019600000232458115,0.0006433000089600682
857,1.5299017429351807,21.265043258666992,1.3451008796691895,0.001954799983650446,0.0006351999472826719
858,1.3123072385787964,21.279987335205078,1.3415454626083374,0.001961900037713349,0.0006412999937310815
859,1.1960842609405518,21.295089721679688,1.3377827405929565,0.002043199958279729,0.0006460000295192003
860,1.4311527013778687,21.31073570251465,1.3354042768478394,0.0020908000296913087,0.0007686999742873013
861,1.5653166770935059,21.326147079467773,1.337214708328247,0.0019776999833993614,0.0006464000325649977
862,1.444942831993103,21.341291427612305,1.3381911516189575,0.0019816000130958855,0.0006460000295192003
863,1.4368500709533691,21.356399536132812,1.3457144498825073,0.0019656000076793134,0.0006455999682657421
864,1.4353928565979004,21.37114906311035,1.3614935874938965,0.0019668000168167055,0.0006339999963529408
865,1.4129794836044312,21.385757446289062,1.3755873441696167,0.0019506000098772347,0.000658300006762147
866,1.6598469018936157,21.400074005126953,1.3770582675933838,0.002184899989515543,0.0006889000069350004
867,1.4111430644989014,21.413541793823242,1.372406005859375,0.0019667999586090446,0.0006476000417023897
868,1.3576923608779907,21.42721176147461,1.3585469722747803,0.0019527999684214592,0.0006373999640345573
869,1.4953714609146118,21.44073486328125,1.3384093046188354,0.001960700028575957,0.0006412999937310815
870,1.3513855934143066,21.45415687561035,1.3326356410980225,0.0019700999837368727,0.0006339999963529408
871,1.36038339138031,21.467586517333984,1.3338357210159302,0.0019797999993897974,0.0006423000013455749
872,1.3619215488433838,21.481285095214844,1.3356317281723022,0.002139899996109307,0.0006469999789260328
873,1.5874704122543335,21.495128631591797,1.3413299322128296,0.0020059000235050917,0.0006513000116683543
874,1.3573919534683228,21.508153915405273,1.3391543626785278,0.0019641999970190227,0.0006404000450856984
875,1.1130859851837158,21.520870208740234,1.3370585441589355,0.0019450000254437327,0.0006395999807864428
876,1.480780839920044,21.53410530090332,1.3300467729568481,0.0019756999681703746,0.000636399956420064
877,1.3073766231536865,21.547578811645508,1.3259698152542114,0.0019576000049710274,0.0006400999845936894
878,1.4533895254135132,21.560794830322266,1.3279367685317993,0.0020340000046417117,0.0006389999762177467
879,1.4582507610321045,21.573833465576172,1.33199942111969,0.002007199975196272,0.0007057999609969556
880,1.4403927326202393,21.58730697631836,1.3406176567077637,0.001960500027053058,0.0006484999903477728
881,1.4915428161621094,21.600900650024414,1.3404496908187866,0.001960699970368296,0.0006359000108204782
882,1.3795936107635498,21.614280700683594,1.3332947492599487,0.001982899964787066,0.0006386999739333987
883,1.4186453819274902,21.628610610961914,1.3219804763793945,0.0019549999851733446,0.0006415999960154295
884,1.3091578483581543,21.643417358398438,1.3005837202072144,0.0020607999758794904,0.0006396999815478921
885,1.5292288064956665,21.658430099487305,1.279492735862732,0.0020883000106550753,0.0007515000179409981
886,1.3917933702468872,21.673307418823242,1.2759044170379639,0.0019730000058189034,0.0006396999815478921
887,1.3724846839904785,21.68824005126953,1.3000428676605225,0.0019490999984554946,0.0006413999944925308
888,1.4961161613464355,21.702905654907227,1.3376508951187134,0.001979699998628348,0.0006544999778270721
889,1.416276216506958,21.717273712158203,1.3714219331741333,0.001949199999216944,0.0006412000511772931
890,1.655391812324524,21.731403350830078,1.3949847221374512,0.0019837000290863216,0.0006461999728344381
891,1.387561321258545,21.745044708251953,1.3951629400253296,0.002042900014203042,0.000723400036804378
892,1.5287096500396729,21.75870704650879,1.3783825635910034,0.0019517000182531774,0.0006373000214807689
893,1.3934847116470337,21.77265739440918,1.3350852727890015,0.0019517000182531774,0.0006523000192828476
894,1.3413562774658203,21.786758422851562,1.3067963123321533,0.0019524999661371112,0.0006498000002466142
895,1.3445335626602173,21.800779342651367,1.2928650379180908,0.0019571000011637807,0.0006397999823093414
896,1.368558406829834,21.8150691986084,1.2971447706222534,0.0019412999972701073,0.0006412999937310815
897,1.3125934600830078,21.829469680786133,1.3182848691940308,0.0021659000194631517,0.0006676000193692744
898,1.4190446138381958,21.844533920288086,1.3359582424163818,0.0019522999646142125,0.000653900031466037
899,1.3818955421447754,21.859586715698242,1.3368589878082275,0.0019590999581851065,0.0006466999766416848
900,1.4026633501052856,21.87438201904297,1.3300819396972656,0.0019459999748505652,0.00063109997427091
901,1.6065987348556519,21.88911247253418,1.3265764713287354,0.0019390000379644334,0.0006402999861165881
902,1.3488874435424805,21.902856826782227,1.321149468421936,0.0019783000461757183,0.0006371000199578702
903,1.4737286567687988,21.916547775268555,1.307656168937683,0.0021899999701417983,0.0006405999884009361
904,1.3134782314300537,21.929981231689453,1.2939211130142212,0.0021265000104904175,0.0007345000049099326
905,1.298353672027588,21.943796157836914,1.2870382070541382,0.0020729000098071992,0.0006874999962747097
906,1.46052086353302,21.95769500732422,1.2872346639633179,0.002066899964120239,0.0006603999645449221
907,1.2439318895339966,21.971683502197266,1.2902575731277466,0.00198830000590533,0.0006518999580293894
908,1.3762569427490234,21.985857009887695,1.2899980545043945,0.001989099953789264,0.0006606999668292701
909,1.4679664373397827,21.999563217163086,1.2835845947265625,0.0021006999886594713,0.0006505000055767596
910,1.384625792503357,22.013208389282227,1.277252435684204,0.0020101999980397522,0.0006910000229254365
911,1.5462945699691772,22.026674270629883,1.2737336158752441,0.0019730000058189034,0.0006380000268109143
912,1.4446545839309692,22.040258407592773,1.2713661193847656,0.001981099951080978,0.0006508000078611076
913,1.3362869024276733,22.05367660522461,1.2721967697143555,0.0019982000230811536,0.0006609999691136181
914,1.6664680242538452,22.06743812561035,1.2739030122756958,0.001988500007428229,0.0006458999705500901
915,1.2907439470291138,22.081512451171875,1.2852143049240112,0.002036700025200844,0.0006489999941550195
916,1.2103651762008667,22.096641540527344,1.2997183799743652,0.0020326999947428703,0.0007031999994069338
917,1.2845916748046875,22.111785888671875,1.3105213642120361,0.001994799997191876,0.0006480999873019755
918,1.4310109615325928,22.126617431640625,1.3160648345947266,0.001989100011996925,0.0006590999546460807
919,1.475667953491211,22.14114761352539,1.3237574100494385,0.0019817999564111233,0.0006337999948300421
920,1.594552993774414,22.155046463012695,1.32547926902771,0.0019669999601319432,0.0006537999724969268
921,1.4595978260040283,22.169281005859375,1.3142192363739014,0.001976100029423833,0.0006580000044777989
922,1.4727309942245483,22.18299674987793,1.30043363571167,0.0021082000457681715,0.0006847999757155776
923,1.3283799886703491,22.196975708007812,1.2833961248397827,0.001989700016565621,0.0006467999774031341
924,1.508038878440857,22.211109161376953,1.262367606163025,0.001966400013770908,0.0006503000040538609
925,1.407644271850586,22.22491455078125,1.2490417957305908,0.0019486999954096973,0.0006481000455096364
926,1.4223881959915161,22.23911476135254,1.2423055171966553,0.002005100017413497,0.0006442000158131123
927,1.2913397550582886,22.253164291381836,1.2405508756637573,0.0019792999955825508,0.0006897999555803835
928,1.3258000612258911,22.267675399780273,1.2404128313064575,0.0020271000103093684,0.0006614999729208648
929,1.3919397592544556,22.281837463378906,1.2427352666854858,0.001987299998290837,0.0006334999925456941
930,1.3625824451446533,22.296085357666016,1.2462096214294434,0.0019761999719776213,0.0006610999698750675
931,1.48069167137146,22.31011962890625,1.2482452392578125,0.0019651000038720667,0.0006447999621741474
932,1.2801827192306519,22.32451057434082,1.25113844871521,0.0019694000366143882,0.0006363000138662755
933,1.4764875173568726,22.338987350463867,1.2448835372924805,0.00196610001148656,0.0006600000197067857
934,1.1492851972579956,22.353370666503906,1.2405556440353394,0.002045599976554513,0.0006637999904341996
935,1.2727599143981934,22.36793327331543,1.2385320663452148,0.001975499966647476,0.0006553999846801162
936,1.2285041809082031,22.38218116760254,1.2410269975662231,0.0019563999958336353,0.0006478999857790768
937,1.2036116123199463,22.39719009399414,1.247940182685852,0.0019730000058189034,0.0006466000340878963
938,1.5072178840637207,22.41200065612793,1.253145456314087,0.0020041000097990036,0.0006392000359483063
939,1.0209705829620361,22.427719116210938,1.2537951469421387,0.001954499981366098,0.0006508000078611076
940,1.4977754354476929,22.443790435791016,1.2500405311584473,0.002002499997615814,0.000651199952699244
941,1.4102195501327515,22.459224700927734,1.2426575422286987,0.002013100020121783,0.0006703999824821949
942,1.3848965167999268,22.47422218322754,1.2340508699417114,0.0019705999875441194,0.0006523999618366361
943,1.5491763353347778,22.489051818847656,1.2327145338058472,0.001971699995920062,0.0006498000002466142
944,1.2911988496780396,22.503650665283203,1.2321709394454956,0.0019665000145323575,0.0006399000412784517
945,1.4370615482330322,22.518260955810547,1.234778881072998,0.00195870001334697,0.0006573999999091029
946,1.3821099996566772,22.53265380859375,1.2380647659301758,0.0019807000062428415,0.0006577000021934509
947,1.3866090774536133,22.546037673950195,1.2410812377929688,0.0019733000081032515,0.0006492999964393675
948,1.1423078775405884,22.559114456176758,1.241165280342102,0.0019626000430434942,0.0006447000196203589
949,1.5599802732467651,22.572540283203125,1.240952968597412,0.001958100008778274,0.0006397999823093414
950,1.1628366708755493,22.586111068725586,1.2400413751602173,0.001960800029337406,0.0006378000252880156
951,1.3437010049819946,22.599533081054688,1.242645263671875,0.00200599996605888,0.0006578000029549003
952,1.340590238571167,22.612791061401367,1.2460570335388184,0.0019585000118240714,0.0006454999675042927
953,1.4118661880493164,22.625701904296875,1.251596212387085,0.002008299983572215,0.0006437000120058656
954,1.5768102407455444,22.63887596130371,1.256780982017517,0.001980800007004291,0.0006575000006705523
955,1.4141899347305298,22.651451110839844,1.262474536895752,0.0019752999651245773,0.0006405999884009361
956,1.4603302478790283,22.663572311401367,1.2617709636688232,0.0020052000181749463,0.0006315999780781567
957,1.5062017440795898,22.675695419311523,1.2554187774658203,0.0019871999975293875,0.0006565999938175082
958,1.2927547693252563,22.687068939208984,1.2488548755645752,0.0020159000414423645,0.0006483999895863235
959,1.3658785820007324,22.698646545410156,1.243696928024292,0.0021083999890834093,0.000678999989759177
960,1.4336978197097778,22.71004867553711,1.2409908771514893,0.0020595999667420983,0.000685499981045723
961,1.3867971897125244,22.72163200378418,1.2425206899642944,0.0019960999488830566,0.0006693999748677015
962,1.2868733406066895,22.733293533325195,1.250856637954712,0.002027000009547919,0.0006537999724969268
963,1.3159538507461548,22.74559783935547,1.2673380374908447,0.0019891999545507133,0.0006493999972008169
964,1.4212079048156738,22.757963180541992,1.2727062702178955,0.0019757000263780355,0.0006507000070996583
965,1.2813146114349365,22.770462036132812,1.283036231994629,0.0020070000318810344,0.000638200028333813
966,1.354441523551941,22.783227920532227,1.2858099937438965,0.0019682999700307846,0.0006556000444106758
967,1.4194834232330322,22.795923233032227,1.2710583209991455,0.0019862999906763434,0.0006485999911092222
968,1.4520066976547241,22.80820083618164,1.2664949893951416,0.0019792000530287623,0.0006327999872155488
969,1.3605903387069702,22.820005416870117,1.2555779218673706,0.001981800014618784,0.0006458000279963017
970,1.4327553510665894,22.83253288269043,1.2536847591400146,0.0019724000012502074,0.0006512000109069049
971,1.3696833848953247,22.84595489501953,1.2527987957000732,0.0020057999645359814,0.0006341999978758395
972,1.2186564207077026,22.85933494567871,1.2560561895370483,0.0020244999905116856,0.0006711999885737896
973,1.311072826385498,22.8730525970459,1.2711999416351318,0.002011600008700043,0.0006501000025309622
974,1.5150134563446045,22.886859893798828,1.288238286972046,0.001987299998290837,0.0006591999554075301
975,1.3611453771591187,22.90038299560547,1.2899105548858643,0.0019653000053949654,0.000645600026473403
976,1.3354740142822266,22.914077758789062,1.2855727672576904,0.0019893000135198236,0.0006615000311285257
977,1.2469731569290161,22.927717208862305,1.2846962213516235,0.0019909999682568014,0.0006473000394180417
978,1.229121208190918,22.94174575805664,1.2845470905303955,0.002001899993047118,0.0006546999793499708
979,1.27570641040802,22.9565486907959,1.2748520374298096,0.0019807000062428415,0.000645000021904707
980,1.2470054626464844,22.97149658203125,1.2687578201293945,0.001967199961654842,0.0006465999758802354
981,1.3473174571990967,22.986042022705078,1.2576464414596558,0.001981700013857335,0.0006370999617502093
982,1.1220424175262451,23.00042152404785,1.239345908164978,0.001979699998628348,0.0006442000158131123
983,1.4300484657287598,23.015268325805664,1.2195488214492798,0.001973700011149049,0.0006416999967768788
984,1.4080239534378052,23.030378341674805,1.2016462087631226,0.0019952000002376735,0.0006550000398419797
985,1.396902084350586,23.045377731323242,1.19089674949646,0.0019677000236697495,0.0006796999950893223
986,1.3375362157821655,23.059925079345703,1.1842687129974365,0.001986999996006489,0.0006419999990612268
987,1.2209352254867554,23.074831008911133,1.1818987131118774,0.0019791999948211014,0.0006376999663189054
988,1.2659237384796143,23.08993148803711,1.1886247396469116,0.001983800029847771,0.0006444000173360109
989,1.5339162349700928,23.10530662536621,1.2030718326568604,0.0020061000250279903,0.000645300024189055
990,1.2942357063293457,23.119869232177734,1.2260175943374634,0.001990600023418665,0.0006339999963529408
991,1.400604248046875,23.13386344909668,1.2420099973678589,0.0019791999948211014,0.0006433000089600682
992,1.2831084728240967,23.147642135620117,1.246243953704834,0.001971099991351366,0.0006500000017695129
993,1.1851691007614136,23.161163330078125,1.2418946027755737,0.001979699998628348,0.0006351000047288835
994,1.2733955383300781,23.174922943115234,1.235257625579834,0.0019993999740108848,0.0006407999899238348
995,1.1740328073501587,23.18855857849121,1.224136233329773,0.00196309998864308,0.0006445000180974603
996,1.1610184907913208,23.202322006225586,1.214678406715393,0.001987700001336634,0.0006362999556586146
997,1.4206887483596802,23.21586799621582,1.208430528640747,0.0020283000194467604,0.0006617000326514244
998,1.431165337562561,23.229339599609375,1.2012333869934082,0.0020002000383101404,0.0006448000203818083
999,1.4067963361740112,23.242801666259766,1.1968101263046265,0.0020330999977886677,0.0006541000329889357
1000,1.2067768573760986,23.256633758544922,1.1967281103134155,0.0020343000069260597,0.0006674999604001641
1001,1.3824245929718018,23.270732879638672,1.2006152868270874,0.0020140999695286155,0.0006545000360347331
1002,1.4100686311721802,23.284717559814453,1.2052311897277832,0.002011599950492382,0.0006319999811239541
1003,1.2484501600265503,23.298391342163086,1.2105869054794312,0.002006600028835237,0.0006437000120058656
1004,1.6049662828445435,23.312101364135742,1.2164711952209473,0.0019860999891534448,0.000645000021904707
1005,1.2437496185302734,23.325910568237305,1.2181302309036255,0.0019916999735869467,0.0006345000001601875
1006,1.2312140464782715,23.339553833007812,1.2176693677902222,0.0019889999530278146,0.0006398999830707908
1007,1.1568968296051025,23.352888107299805,1.2157102823257446,0.0020249999943189323,0.0006467999774031341
1008,1.2583906650543213,23.366350173950195,1.2139222621917725,0.001986199989914894,0.0006427000043913722
1009,1.212385654449463,23.379928588867188,1.2123130559921265,0.0020253999973647296,0.0006566999945789576
1010,1.114610195159912,23.394283294677734,1.2139981985092163,0.001995400001760572,0.0006484999903477728
1011,1.2500489950180054,23.40900421142578,1.2164865732192993,0.001995600003283471,0.0006437000120058656
1012,1.3025453090667725,23.423370361328125,1.219817876815796,0.0020041000097990036,0.0006440000142902136
1013,1.1927483081817627,23.437755584716797,1.218064785003662,0.001989100011996925,0.0006562999915331602
1014,1.519771695137024,23.45282554626465,1.2184849977493286,0.0019898000173270702,0.0006339999963529408
1015,1.416269063949585,23.467235565185547,1.221644639968872,0.0020545999868772924,0.000653000024612993
1016,1.2357271909713745,23.48077392578125,1.2153390645980835,0.001994999998714775,0.0006738000083714724
1017,1.1978110074996948,23.494258880615234,1.2048416137695312,0.001995900005567819,0.0006390999769791961
1018,1.2101975679397583,23.508268356323242,1.1834933757781982,0.002023099979851395,0.0006367000169120729
1019,1.2333582639694214,23.522253036499023,1.1773602962493896,0.001996200007852167,0.0006453999667428434
1020,1.1808803081512451,23.536212921142578,1.1778993606567383,0.00200749997748062,0.0006430000066757202
1021,1.2534409761428833,23.55010414123535,1.185459852218628,0.0020084999850951135,0.0006337999948300421
1022,1.293149471282959,23.565113067626953,1.1906119585037231,0.0019995999755337834,0.0006607999675907195
1023,1.2917591333389282,23.579580307006836,1.1947740316390991,0.002023400040343404,0.0006691000307910144
1024,1.2777762413024902,23.594207763671875,1.1956732273101807,0.0020687999785877764,0.0007224000291898847
1025,1.3769851922988892,23.608552932739258,1.1926978826522827,0.0021588000236079097,0.0007091999868862331
1026,1.3226956129074097,23.622068405151367,1.1877789497375488,0.0020281000179238617,0.0006508000078611076
1027,1.3067246675491333,23.63530731201172,1.1772164106369019,0.0020495999488048255,0.0006746999570168555
1028,1.32837975025177,23.648296356201172,1.1687216758728027,0.0020210000220686197,0.0006507000070996583
1029,1.4043649435043335,23.661376953125,1.168084979057312,0.002013699966482818,0.0006415999960154295
1030,1.6077890396118164,23.674434661865234,1.175371527671814,0.0020034000044688582,0.0006510999519377947
1031,1.3823540210723877,23.688077926635742,1.1760940551757812,0.0020192000083625317,0.000645300024189055
1032,1.2741373777389526,23.7012882232666,1.1821167469024658,0.0020263000042177737,0.0006405999884009361
1033,1.154963731765747,23.7143497467041,1.1887950897216797,0.002010399999562651,0.0006539999740198255
1034,1.3190120458602905,23.7276668548584,1.1869385242462158,0.0020038000075146556,0.0006870999932289124
1035,1.1916745901107788,23.740848541259766,1.1873877048492432,0.0020025999983772635,0.0006470999796874821
1036,1.2691481113433838,23.753984451293945,1.1893848180770874,0.0019955000025220215,0.0006398999830707908
1037,1.2856416702270508,23.76712989807129,1.1838250160217285,0.0020058000227436423,0.0006414999952539802
1038,1.0758439302444458,23.78023910522461,1.1796929836273193,0.0019984000246040523,0.0006404000450856984
1039,1.4304447174072266,23.793556213378906,1.1752707958221436,0.0020483999978750944,0.0006407999899238348
1040,1.2665122747421265,23.806570053100586,1.1708967685699463,0.0020064000273123384,0.0006492999964393675
1041,1.1482166051864624,23.819189071655273,1.1649106740951538,0.0020241999882273376,0.0006514000124298036
1042,1.224329948425293,23.832231521606445,1.1591757535934448,0.002010700001846999,0.0006429000059142709
1043,1.3410145044326782,23.84600067138672,1.1565415859222412,0.002015199977904558,0.0006414999952539802
1044,1.232224464416504,23.859840393066406,1.160156011581421,0.0020267999498173594,0.0006417999975383282
1045,1.4272462129592896,23.873491287231445,1.16465163230896,0.0021179000032134354,0.0006418999982997775
1046,1.168670654296875,23.886444091796875,1.1748876571655273,0.0020395999890752137,0.0006855999818071723
1047,1.196861743927002,23.89907455444336,1.1791975498199463,0.0020064000273123384,0.0006403999868780375
1048,1.1674156188964844,23.912363052368164,1.1886826753616333,0.001991800032556057,0.0006505000055767596
1049,1.366994023323059,23.925533294677734,1.1890194416046143,0.0020215000258758664,0.0006464000325649977
1050,1.1175681352615356,23.93871307373047,1.1746522188186646,0.0020170999923720956,0.0006440000142902136
1051,1.3816096782684326,23.951473236083984,1.1617670059204102,0.0020358000183477998,0.0006430000066757202
1052,1.1433559656143188,23.963953018188477,1.1595540046691895,0.0021277000196278095,0.000687299994751811
1053,1.289454698562622,23.97681999206543,1.1616077423095703,0.002027300011832267,0.0006531000253744423
1054,1.3618251085281372,23.989986419677734,1.1710854768753052,0.0020216000266373158,0.0006390999769791961
1055,1.3056279420852661,24.00282859802246,1.179443597793579,0.0020173999946564436,0.0006445000180974603
1056,1.4354498386383057,24.015613555908203,1.186357021331787,0.002039400045759976,0.0006409999914467335
1057,1.276345133781433,24.02789878845215,1.1888161897659302,0.0020582000142894685,0.0006367000169120729
1058,1.2461360692977905,24.040000915527344,1.1874412298202515,0.0020795000018551946,0.0006785000441595912
1059,1.2594183683395386,24.052486419677734,1.1811552047729492,0.002021099964622408,0.0006565999938175082
1060,1.341578722000122,24.06464958190918,1.176141381263733,0.0020115000079385936,0.0006493999972008169
1061,1.5078078508377075,24.07642364501953,1.1747937202453613,0.002012500015553087,0.000638800032902509
1062,1.2046610116958618,24.087636947631836,1.1740916967391968,0.002032299991697073,0.0006462999735958874
1063,1.2276161909103394,24.099018096923828,1.170868992805481,0.002058599959127605,0.0006431000074371696
1064,1.3643370866775513,24.11037826538086,1.1678717136383057,0.002072200004477054,0.0006682999664917588
1065,1.417490005493164,24.121990203857422,1.167618989944458,0.0020444999681785703,0.0006474999827332795
1066,1.229413390159607,24.133913040161133,1.1663602590560913,0.0020067000295966864,0.0006389999762177467
1067,1.369680643081665,24.14584732055664,1.1607911586761475,0.002004200010560453,0.0006375000230036676
1068,1.1968730688095093,24.157901763916016,1.1536142826080322,0.001993899990338832,0.0006435999530367553
1069,1.0580259561538696,24.170122146606445,1.1495662927627563,0.0020090999896638095,0.00063699996098876
1070,1.30196213722229,24.182825088500977,1.1394412517547607,0.002022000029683113,0.0006520999595522881
1071,1.2482136487960815,24.196069717407227,1.13917076587677,0.002009799994993955,0.0006484999903477728
1072,1.0751264095306396,24.20907974243164,1.1450880765914917,0.0020118000102229416,0.0006420999998226762
1073,1.263335108757019,24.22214698791504,1.1528515815734863,0.001999500032979995,0.0006441000150516629
1074,1.3129892349243164,24.234949111938477,1.1553338766098022,0.002010399999562651,0.0006331999902613461
1075,1.1046197414398193,24.248287200927734,1.147355079650879,0.0020095999934710562,0.0006414999952539802
1076,1.1783416271209717,24.261497497558594,1.1423646211624146,0.002159200026653707,0.0006661000079475343
1077,1.2458895444869995,24.274898529052734,1.139037013053894,0.002056199999060482,0.0006645999965257943
1078,1.1817185878753662,24.288291931152344,1.136218786239624,0.002056900004390627,0.0006474999827332795
1079,1.2327489852905273,24.30179786682129,1.1431483030319214,0.0020360000198706985,0.0006422000005841255
1080,1.1948986053466797,24.315025329589844,1.140379786491394,0.0020484999986365438,0.0006376999663189054
1081,1.1739109754562378,24.327856063842773,1.1342531442642212,0.002036200021393597,0.0006415999960154295
1082,1.182273507118225,24.34063148498535,1.1370692253112793,0.0020920000388287008,0.0006598999607376754
1083,1.1716946363449097,24.35306739807129,1.1417810916900635,0.0020286000217311084,0.0006561999907717109
1084,1.3960561752319336,24.366050720214844,1.1413729190826416,0.0020183000015094876,0.000645900028757751
1085,1.2477511167526245,24.37828254699707,1.1357101202011108,0.0020151000353507698,0.0006354000070132315
1086,1.2966985702514648,24.390146255493164,1.1300503015518188,0.00200009997934103,0.000638200028333813
1087,1.2927782535552979,24.402189254760742,1.1269493103027344,0.0020168000482954085,0.0006415999960154295
1088,1.3161683082580566,24.4145565032959,1.1402918100357056,0.0020875000045634806,0.0006390000344254076
1089,1.2081986665725708,24.426586151123047,1.1578102111816406,0.0020770999835804105,0.0006582000060006976
1090,1.355711817741394,24.438278198242188,1.18277108669281,0.0020126000163145363,0.0006492999964393675
1091,1.2677580118179321,24.449899673461914,1.1922556161880493,0.0020235999836586416,0.0006515999557450414
1092,1.0810869932174683,24.46118927001953,1.1713629961013794,0.0020058000227436423,0.0006325999856926501
1093,1.469918131828308,24.47252082824707,1.136741042137146,0.002022599976044148,0.0006498000002466142
1094,1.2378369569778442,24.483348846435547,1.1095956563949585,0.0020617000409401953,0.0006466999766416848
1095,1.1961675882339478,24.494783401489258,1.091816782951355,0.0020404999959282577,0.0006681000231765211
1096,1.345170497894287,24.506460189819336,1.0834938287734985,0.002015200036112219,0.000638800032902509
1097,1.367353081703186,24.518049240112305,1.0893253087997437,0.0020161999855190516,0.0006407999899238348
1098,1.317943811416626,24.52964973449707,1.106090784072876,0.0020031000021845102,0.0006370999617502093
1099,0.9899781942367554,24.540897369384766,1.1192431449890137,0.0020138000254519284,0.000638200028333813
1100,1.2241796255111694,24.552480697631836,1.117560625076294,0.0020622999873012304,0.0006384000298567116
1101,1.4219359159469604,24.564163208007812,1.1142010688781738,0.002123700047377497,0.0006907000206410885
1102,1.2631103992462158,24.57538414001465,1.1114076375961304,0.0020723000052385032,0.0006695000338368118
1103,1.1890825033187866,24.58641242980957,1.1072406768798828,0.002005099959205836,0.0006453999667428434
1104,1.1782630681991577,24.597793579101562,1.1010267734527588,0.002008399984333664,0.0006432000081986189
1105,1.3100045919418335,24.609207153320312,1.1008996963500977,0.0020087999873794615,0.0006414999952539802
1106,1.363011360168457,24.6205997467041,1.1032006740570068,0.0021116999560035765,0.0006394999800249934
1107,1.2726868391036987,24.631887435913086,1.0993115901947021,0.0021917999838478863,0.0008166999905370176
1108,1.0406993627548218,24.64314079284668,1.0935182571411133,0.002043600019533187,0.0006696000345982611
1109,1.3644468784332275,24.655311584472656,1.0861297845840454,0.0020169999916106462,0.0006418999982997775
1110,1.3295567035675049,24.667139053344727,1.0807174444198608,0.0020499000092968345,0.000647100037895143
1111,1.1279668807983398,24.6784725189209,1.079101324081421,0.002066899964120239,0.0006722999969497323
1112,1.0925432443618774,24.690156936645508,1.0732946395874023,0.0020522000268101692,0.0006410999922081828
1113,1.1516847610473633,24.701683044433594,1.070160150527954,0.0023734000278636813,0.0007202000124379992
1114,1.2255369424819946,24.713411331176758,1.0662564039230347,0.0020034000044688582,0.000651500013191253
1115,1.1032509803771973,24.72505760192871,1.0675439834594727,0.002021899970714003,0.0006351000047288835
1116,1.1501996517181396,24.73676300048828,1.0736501216888428,0.002021899970714003,0.0006359999533742666
1117,1.3590608835220337,24.7484073638916,1.0732641220092773,0.001994999998714775,0.0006457999697886407
1118,1.394394040107727,24.759788513183594,1.0752942562103271,0.002073400013614446,0.0006362000131048262
1119,0.9991118907928467,24.77107810974121,1.0751187801361084,0.002113700029440224,0.0007158000371418893
1120,1.2700029611587524,24.782943725585938,1.0772188901901245,0.0020031000021845102,0.0006445000180974603
1121,1.1785130500793457,24.794588088989258,1.079742193222046,0.002017000049818307,0.0006448999629355967
1122,1.052161693572998,24.80705451965332,1.0760316848754883,0.0020090999896638095,0.0006745000137016177
1123,1.0521513223648071,24.819549560546875,1.067366600036621,0.0020403999951668084,0.0006384999724105
1124,1.2603464126586914,24.832767486572266,1.0583226680755615,0.0020490000024437904,0.0006504000048153102
1125,1.0692541599273682,24.845487594604492,1.0520728826522827,0.0022032999549992383,0.000694099988322705
1126,1.1463686227798462,24.858430862426758,1.0495984554290771,0.002036400022916496,0.0006560999900102615
1127,1.1933623552322388,24.87101936340332,1.0532212257385254,0.00201489997562021,0.0006420999998226762
1128,1.2494022846221924,24.883878707885742,1.0595206022262573,0.001990299962926656,0.0006391999777406454
1129,1.2028752565383911,24.89708709716797,1.0705006122589111,0.002038000035099685,0.0006499000010080636
1130,1.2354977130889893,24.909971237182617,1.0768194198608398,0.0020194000098854303,0.0006623999797739089
1131,1.251786708831787,24.922903060913086,1.071985125541687,0.002126899955328554,0.0007807000074535608
1132,1.1558661460876465,24.936370849609375,1.0657052993774414,0.0020589999621734023,0.0006527999648824334
1133,1.1867060661315918,24.949939727783203,1.0616830587387085,0.002008699986618012,0.0006820999551564455
1134,1.1815221309661865,24.963048934936523,1.059323787689209,0.0020552999922074378,0.0006392999785020947
1135,1.2047187089920044,24.97624397277832,1.0586497783660889,0.0020127000170759857,0.0006486999918706715
1136,0.9938517808914185,24.98948097229004,1.0578913688659668,0.001998300023842603,0.0006347000016830862
1137,1.0588668584823608,25.002599716186523,1.0536903142929077,0.002376900054514408,0.0006825000164099038
1138,1.1295605897903442,25.01612091064453,1.041725754737854,0.0020591000211425126,0.0006778999813832343
1139,1.188003659248352,25.029531478881836,1.0407825708389282,0.0020111000048927963,0.0006352000054903328
1140,0.999977707862854,25.04241943359375,1.0467634201049805,0.0020579000120051205,0.0006347000016830862
1141,1.1992721557617188,25.05549430847168,1.0513066053390503,0.0020315999863669276,0.0006768999737687409
1142,1.2493199110031128,25.068281173706055,1.0568256378173828,0.002006000024266541,0.0006405999884009361
1143,1.023356556892395,25.08086395263672,1.0642893314361572,0.002200299990363419,0.0006552999839186668
1144,1.0038514137268066,25.094667434692383,1.056883692741394,0.002078199991956353,0.0006912000244483352
1145,1.0499786138534546,25.108341217041016,1.0510759353637695,0.002019900013692677,0.0006372000207193196
1146,1.0792033672332764,25.121915817260742,1.0530705451965332,0.0020496000070124865,0.0006374999647960067
1147,1.1757451295852661,25.135507583618164,1.0507543087005615,0.0020404000533744693,0.0006691000307910144
1148,1.170633316040039,25.149066925048828,1.0558502674102783,0.0020461000385694206,0.0006410999922081828
1149,1.2233469486236572,25.16238021850586,1.0632508993148804,0.0023576999665237963,0.0007332999957725406
1150,1.2937579154968262,25.17557716369629,1.065292477607727,0.0021784999989904463,0.0006780999829061329
1151,1.1204959154129028,25.18844223022461,1.059307336807251,0.002064800006337464,0.000685499981045723
1152,1.1169401407241821,25.20123863220215,1.058150053024292,0.0020753000280819833,0.0006510999519377947
1153,1.2956804037094116,25.213523864746094,1.0501604080200195,0.0020529000321403146,0.0006711999885737896
1154,1.176513910293579,25.225204467773438,1.047973394393921,0.0020656000124290586,0.0006432000081986189
1155,1.2486151456832886,25.237075805664062,1.0414925813674927,0.0022542999940924346,0.0006893000099807978
1156,1.0822951793670654,25.248563766479492,1.0338672399520874,0.0020748000242747366,0.0007100999937392771
1157,1.142391562461853,25.26051902770996,1.032496690750122,0.0020178999984636903,0.0006422000005841255
1158,1.3478031158447266,25.272329330444336,1.0437252521514893,0.0020037000067532063,0.0006368000176735222
1159,1.1349704265594482,25.28360939025879,1.0440467596054077,0.0020493000047281384,0.0006522999610751867
1160,1.0574734210968018,25.294666290283203,1.044433355331421,0.0020454000332392752,0.0006636000471189618
1161,0.9161341786384583,25.305932998657227,1.0455455780029297,0.0022734999656677246,0.0006692000315524638
1162,1.0190331935882568,25.317394256591797,1.045375943183899,0.0021330000017769635,0.0006606999668292701
1163,1.1982520818710327,25.3292179107666,1.0425074100494385,0.0020502000115811825,0.0006736000068485737
1164,1.0950762033462524,25.341205596923828,1.032458782196045,0.0019996999762952328,0.0006445999606512487
1165,1.101981520652771,25.35316276550293,1.026617169380188,0.0020487000001594424,0.00064439995912835
1166,1.0583083629608154,25.364999771118164,1.0238666534423828,0.002044999971985817,0.0006420999998226762
1167,1.2609354257583618,25.377246856689453,1.0218671560287476,0.0020456999773159623,0.0006570999976247549
1168,1.1951093673706055,25.389577865600586,1.018869161605835,0.002024299988988787,0.0006354999495670199
1169,0.8762495517730713,25.401613235473633,1.0194917917251587,0.002029300027061254,0.0006427000043913722
1170,0.9460470676422119,25.413848876953125,1.031208872795105,0.0020117999520152807,0.0006406999891623855
1171,1.0879329442977905,25.426095962524414,1.0516473054885864,0.0020524999708868563,0.0006435000104829669
1172,1.1431148052215576,25.438440322875977,1.062367558479309,0.002031200041528791,0.0006406999891623855
1173,1.1391856670379639,25.450654983520508,1.05715811252594,0.0021228999830782413,0.0006642999942414463
1174,1.1650781631469727,25.462574005126953,1.0501199960708618,0.0020203000167384744,0.000647100037895143
1175,1.2301769256591797,25.47429656982422,1.0380192995071411,0.0020350999548099935,0.0006389999762177467
1176,1.3022481203079224,25.48552894592285,1.0448054075241089,0.002044100023340434,0.0006349000032059848
1177,1.3886445760726929,25.49654769897461,1.0408369302749634,0.0020166999893262982,0.000638200028333813
1178,1.0632879734039307,25.50715446472168,1.0503090620040894,0.0020301000331528485,0.0006433000089600682
1179,1.062793493270874,25.51803970336914,1.0526524782180786,0.0020334000000730157,0.0006463000318035483
1180,1.2775133848190308,25.52894401550293,1.0549567937850952,0.002012800017837435,0.0006395000382326543
1181,1.1947230100631714,25.540037155151367,1.0492913722991943,0.002029400027822703,0.0006381000275723636
1182,1.1597554683685303,25.550643920898438,1.0369610786437988,0.0020111000048927963,0.0006347000016830862
1183,1.1160577535629272,25.561349868774414,1.0267469882965088,0.002015699981711805,0.0006380999693647027
1184,1.032849669456482,25.572532653808594,1.0207624435424805,0.002024899993557483,0.0006333000492304564
1185,1.2425305843353271,25.583879470825195,1.0169283151626587,0.002098499971907586,0.000644699961412698
1186,1.2836562395095825,25.595043182373047,1.0242453813552856,0.002031999989412725,0.0006482000462710857
1187,1.2204705476760864,25.606464385986328,1.036287784576416,0.002100299985613674,0.000633500050753355
1188,1.0841552019119263,25.61766815185547,1.0385662317276,0.002038499980699271,0.0006417999975383282
1189,1.1395297050476074,25.628765106201172,1.033545732498169,0.0020345000084489584,0.0006409999914467335
1190,0.8956589102745056,25.639902114868164,1.0193456411361694,0.002037600032053888,0.0006472999812103808
1191,1.097257137298584,25.651241302490234,1.0099810361862183,0.002191399980802089,0.000646200031042099
1192,1.0340617895126343,25.662694931030273,1.0036824941635132,0.002052999974694103,0.0006711999885737896
1193,1.2301390171051025,25.67430877685547,1.0035744905471802,0.0020285999635234475,0.0006368999602273107
1194,1.1495845317840576,25.686113357543945,1.0028375387191772,0.0020145000307820737,0.0006340999971143901
1195,1.038741946220398,25.697917938232422,1.0016463994979858,0.0020219000289216638,0.0006392000359483063
1196,0.9375448822975159,25.710067749023438,1.001569151878357,0.002047099987976253,0.0006464000325649977
1197,1.167086124420166,25.723247528076172,1.0000131130218506,0.0020546999876387417,0.0006413999944925308
1198,1.2495533227920532,25.735984802246094,0.9943323135375977,0.002093199989758432,0.0006656000041402876
1199,1.097314715385437,25.74834632873535,0.9781250357627869,0.0020255999988876283,0.0006401000428013504
1200,0.8600295782089233,25.76081657409668,0.9570473432540894,0.0020309999817982316,0.0006402999861165881
1201,1.0047849416732788,25.773395538330078,0.9466681480407715,0.0020403999951668084,0.0006312999757938087
1202,1.0672763586044312,25.785486221313477,0.9459208846092224,0.0020213000243529677,0.000646200031042099
1203,1.159728765487671,25.79869842529297,0.9538934826850891,0.0020546000450849533,0.0006441000150516629
1204,1.143807291984558,25.811519622802734,0.9637479186058044,0.0020233000395819545,0.0006433000089600682
1205,0.9649576544761658,25.82440757751465,0.9754348993301392,0.002055099990684539,0.0006443000165745616
1206,1.2119319438934326,25.83721160888672,0.9851927757263184,0.0020348000107333064,0.0006348000024445355
1207,1.2128980159759521,25.849977493286133,0.9781797528266907,0.0020407999982126057,0.0006392000359483063
1208,1.256265640258789,25.862510681152344,0.9727756977081299,0.002043000014964491,0.0006441000150516629
1209,1.1706360578536987,25.874364852905273,0.9638043642044067,0.00208020000718534,0.0006386000313796103
1210,1.0733537673950195,25.885982513427734,0.947389543056488,0.002096800017170608,0.0006501999450847507
1211,0.9996693730354309,25.897701263427734,0.9511296153068542,0.0020352000137791038,0.0006417999975383282
1212,1.0101943016052246,25.909282684326172,0.9647576808929443,0.0020247999927960336,0.0006374000222422183
1213,1.1119141578674316,25.920949935913086,0.9798453450202942,0.0020326999947428703,0.0006374000222422183
1214,1.0781556367874146,25.932109832763672,0.9973704218864441,0.002036200021393597,0.0006395999807864428
1215,1.1372768878936768,25.943424224853516,1.0083091259002686,0.0020221000304445624,0.0006389000336639583
1216,1.1455237865447998,25.954792022705078,1.007246494293213,0.002047699992544949,0.0006457000272348523
1217,0.9885773658752441,25.966032028198242,1.001016616821289,0.0020317999878898263,0.0006367000169120729
1218,1.1864553689956665,25.977384567260742,0.9612777233123779,0.0020155999809503555,0.0006340999971143901
1219,1.0412501096725464,25.988388061523438,0.9426226019859314,0.0020250999950803816,0.0006412999937310815
1220,1.0856903791427612,25.999311447143555,0.9467757940292358,0.002065100008621812,0.0006389000336639583
1221,1.2074031829833984,26.009923934936523,0.953507661819458,0.002019900013692677,0.0006390999769791961
1222,1.3663960695266724,26.02092933654785,0.9568213820457458,0.0020794000010937452,0.0006494999979622662
1223,1.006535291671753,26.031631469726562,0.9478793144226074,0.002028500020969659,0.0006457000272348523
1224,1.0377249717712402,26.04244613647461,0.9452903866767883,0.0020192000083625317,0.0006379000260494649
1225,1.2918493747711182,26.053197860717773,0.9435551166534424,0.0020460999803617597,0.0006286999559961259
1226,1.203154444694519,26.06378746032715,0.9445146918296814,0.002022499975282699,0.0006395999807864428
1227,1.0050151348114014,26.074125289916992,0.9443313479423523,0.0020377999753691256,0.0006369000184349716
1228,1.3204882144927979,26.084705352783203,0.945289671421051,0.002140500000678003,0.0006459999713115394
1229,0.8202658891677856,26.094982147216797,0.9491126537322998,0.0020520000252872705,0.0006719999946653843
1230,1.1164803504943848,26.105491638183594,0.9576549530029297,0.002029400027822703,0.0006502000032924116
1231,1.0808812379837036,26.11649513244629,0.9653000831604004,0.002070699993055314,0.0006302000256255269
1232,0.8543232083320618,26.127626419067383,0.9657936692237854,0.0020502000115811825,0.0006389000336639583
1233,1.1446752548217773,26.13888931274414,0.965989351272583,0.0020320999901741743,0.0006374999647960067
1234,0.9771151542663574,26.14995765686035,0.9578207731246948,0.0021007999894209206,0.0006373000214807689
1235,1.283707857131958,26.161216735839844,0.9572242498397827,0.0020380999776534736,0.0006418999982997775
1236,1.0864864587783813,26.17190933227539,0.9574530124664307,0.0020172999938949943,0.0006396999815478921
1237,1.1581588983535767,26.1825008392334,0.9585245847702026,0.0020274000125937164,0.0006392000359483063
1238,1.2031497955322266,26.19290542602539,0.9582347869873047,0.002030000032391399,0.0006334000499919057
1239,1.031471848487854,26.202863693237305,0.9601576924324036,0.00202079996233806,0.0006375000230036676
1240,1.0077098608016968,26.212907791137695,0.961392343044281,0.002051500021480024,0.0006369000184349716
1241,1.0964146852493286,26.22319793701172,0.9611627459526062,0.0020337000023573637,0.0006389000336639583
1242,1.3235026597976685,26.233314514160156,0.9657459259033203,0.002062799991108477,0.0006325000431388617
1243,0.8756846189498901,26.24396514892578,0.9711990356445312,0.0020308999810367823,0.0006387999746948481
1244,1.297428011894226,26.254619598388672,0.9782082438468933,0.002084699983242899,0.0006430000066757202
1245,1.149619221687317,26.26506233215332,0.9860768914222717,0.002027299953624606,0.0006359000108204782
1246,0.9493120312690735,26.275312423706055,0.9904947876930237,0.002058400015812367,0.0006386000313796103
1247,0.9594627022743225,26.28599739074707,0.988892138004303,0.002065999957267195,0.0006564999930560589
1248,1.3102799654006958,26.296613693237305,0.988177478313446,0.002023400040343404,0.0006426000036299229
1249,1.1541224718093872,26.306926727294922,0.9875687956809998,0.002032299991697073,0.0006448000203818083
1250,1.1625633239746094,26.317302703857422,0.9775437712669373,0.002044699969701469,0.0006358999526128173
1251,1.0742741823196411,26.32808494567871,0.9620839953422546,0.002039399987552315,0.0006460999720729887
1252,0.9621737003326416,26.33900260925293,0.9448122382164001,0.0020423000096343458,0.0006427000043913722
1253,1.0618799924850464,26.350229263305664,0.9365656971931458,0.0020849000429734588,0.0006422000005841255
1254,0.9710370898246765,26.36138343811035,0.9350410103797913,0.002051000017672777,0.0006376000237651169
1255,1.1419051885604858,26.37281036376953,0.9351913332939148,0.002038799982983619,0.0006313000340014696
1256,0.9987702965736389,26.38364601135254,0.9359791874885559,0.002026700007263571,0.0006682000239379704
1257,1.2026419639587402,26.39550018310547,0.9373691082000732,0.0020367999677546322,0.0006339999963529408
1258,1.1656261682510376,26.406963348388672,0.9406431913375854,0.0020411000004969537,0.0006361000123433769
1259,1.027857780456543,26.41839027404785,0.9360865354537964,0.002058299956843257,0.0006496999994851649
1260,0.8256011605262756,26.429832458496094,0.9249866604804993,0.002029400027822703,0.0006407999899238348
1261,0.9553844928741455,26.441131591796875,0.9104359149932861,0.0020275000133551657,0.0006364000146277249
1262,0.894951343536377,26.452756881713867,0.9083907008171082,0.0020330999977886677,0.0006361999548971653
1263,1.0956830978393555,26.46451187133789,0.9279865622520447,0.0020417000050656497,0.0006408000481314957
1264,0.9142183661460876,26.476238250732422,0.9408550262451172,0.0020623999880626798,0.0006365000153891742
1265,1.0124162435531616,26.487783432006836,0.9473083019256592,0.0020732000120915473,0.000661000027321279
1266,0.9401764273643494,26.499399185180664,0.9459080100059509,0.0020289000240154564,0.0006350999465212226
1267,1.1435133218765259,26.511058807373047,0.9315018057823181,0.002058700018096715,0.0006488999933935702
1268,1.025028944015503,26.522916793823242,0.904649019241333,0.002037600032053888,0.0006444000173360109
1269,1.2060261964797974,26.534698486328125,0.8910707831382751,0.0020521999686025083,0.0006375000230036676
1270,0.9529529213905334,26.546178817749023,0.8893868923187256,0.0020560999982990324,0.0006403999868780375
1271,1.1862941980361938,26.557859420776367,0.8905841708183289,0.0020675999694503844,0.0006758000236004591
1272,1.1055270433425903,26.56900405883789,0.8948413729667664,0.0020403999951668084,0.0006442000158131123
1273,0.9572641849517822,26.58056640625,0.8950871825218201,0.0020567000028677285,0.0006264999974519014
1274,1.4247466325759888,26.592313766479492,0.8890959024429321,0.002033500000834465,0.000636399956420064
1275,1.171358346939087,26.603605270385742,0.8811013698577881,0.002044699969701469,0.0006349000032059848
1276,0.9775493741035461,26.614835739135742,0.8862841725349426,0.002031099982559681,0.0006530999671667814
1277,1.043885588645935,26.62675666809082,0.9023345112800598,0.0020895999623462558,0.0006500999443233013
1278,1.082486867904663,26.638805389404297,0.9169390797615051,0.002027900016400963,0.0006408999906852841
1279,1.0245448350906372,26.650665283203125,0.9184135794639587,0.002034700009971857,0.0006402999861165881
1280,1.2291502952575684,26.662504196166992,0.9205042123794556,0.002054500044323504,0.0006350000039674342
1281,0.8647103905677795,26.673986434936523,0.9043335318565369,0.0020323999924585223,0.0006400999845936894
1282,1.0580946207046509,26.685619354248047,0.892879068851471,0.002036400022916496,0.0006310000317171216
1283,1.059289813041687,26.696949005126953,0.8919639587402344,0.0020764999790117145,0.0006351000047288835
1284,1.0578676462173462,26.708057403564453,0.8969614505767822,0.002057500008959323,0.0006550999823957682
1285,1.0789661407470703,26.719757080078125,0.8917818069458008,0.002051800023764372,0.0006408999906852841
1286,1.062304973602295,26.73151397705078,0.890852689743042,0.0020421999506652355,0.0006299000233411789
1287,0.958932101726532,26.743074417114258,0.8915260434150696,0.00204620003933087,0.0006722999969497323
1288,0.9543545246124268,26.754911422729492,0.9144754409790039,0.002048299997113645,0.0006437000120058656
1289,1.1960291862487793,26.766887664794922,0.9512088894844055,0.0020706000505015254,0.0006396999815478921
1290,1.1520462036132812,26.7784366607666,0.9835777878761292,0.0020525999716483057,0.0006381000275723636
1291,1.108713984489441,26.789888381958008,0.9906036257743835,0.002067500026896596,0.0006426000036299229
1292,1.0822440385818481,26.80097007751465,0.9862791299819946,0.002035899960901588,0.0006496999994851649
1293,1.062328577041626,26.8115234375,0.9614226222038269,0.0020522999693639576,0.0006324999849312007
1294,1.0586875677108765,26.82250213623047,0.9293686151504517,0.0020465999841690063,0.0006382999708876014
1295,1.2922831773757935,26.83384895324707,0.9078454971313477,0.002078799996525049,0.0006373000214807689
1296,1.1892715692520142,26.845394134521484,0.895514190196991,0.002085499989334494,0.0006751000182703137
1297,0.8713473081588745,26.85665512084961,0.8820531964302063,0.0020812000147998333,0.0006448999629355967
1298,0.9101104736328125,26.867761611938477,0.8725259304046631,0.0020442999666556716,0.0006436999537982047
1299,0.9494783878326416,26.879047393798828,0.8736799359321594,0.0020619999850168824,0.0006403999868780375
1300,0.8851000666618347,26.89015007019043,0.8889651894569397,0.002052699972409755,0.0006354000070132315
1301,0.9253340363502502,26.902000427246094,0.9104965329170227,0.0020828000269830227,0.0006419999990612268
1302,0.9084270000457764,26.913801193237305,0.9154284000396729,0.002140299999155104,0.0006913000252097845
1303,1.09966242313385,26.92591094970703,0.9134486317634583,0.002064300002530217,0.0006454000249505043
1304,1.0626139640808105,26.93749237060547,0.8983996510505676,0.0020536999800242484,0.0006405999884009361
1305,0.941159725189209,26.948970794677734,0.8802738785743713,0.0020602000295184553,0.0006378000252880156
1306,0.9229831099510193,26.96029281616211,0.8725759983062744,0.0020564000005833805,0.0006393000367097557
1307,1.144277811050415,26.97228240966797,0.8715801239013672,0.00212610000744462,0.0006347000016830862
1308,1.0911012887954712,26.98456573486328,0.881862223148346,0.002161799988243729,0.0006914000259712338
1309,1.0172570943832397,26.996904373168945,0.8931065797805786,0.0020666999625973403,0.0006394999800249934
1310,0.839367151260376,27.009126663208008,0.8929028511047363,0.002087300003040582,0.0006488999933935702
1311,1.0509231090545654,27.021713256835938,0.882724404335022,0.0020732000120915473,0.0006422000005841255
1312,1.0742522478103638,27.033794403076172,0.8734668493270874,0.0020679999724961817,0.000637299963273108
1313,0.9815389513969421,27.0456600189209,0.8642964363098145,0.0020874000038020313,0.0006403999868780375
1314,1.033880352973938,27.05735969543457,0.8566421866416931,0.002058700018096715,0.0006589999538846314
1315,0.8756887912750244,27.069143295288086,0.8492860794067383,0.0020676000276580453,0.0006364000146277249
1316,0.9726390242576599,27.08079719543457,0.8410877585411072,0.002066600020043552,0.0006350000039674342
1317,0.9475701451301575,27.092193603515625,0.8354150652885437,0.0020597000257112086,0.0006370000191964209
1318,1.0784659385681152,27.10330581665039,0.8343628644943237,0.002058100013528019,0.0006401999853551388
1319,1.0053613185882568,27.115253448486328,0.8380180597305298,0.0021323999972082675,0.0006371000199578702
1320,1.1459466218948364,27.12731170654297,0.8428641557693481,0.002121899975463748,0.0006730000022798777
1321,0.8532227277755737,27.139251708984375,0.8484978675842285,0.0020815999596379697,0.0006401000428013504
1322,1.075850248336792,27.151086807250977,0.8531048893928528,0.0020667000208050013,0.0006358000100590289
1323,0.9741607904434204,27.162424087524414,0.8609112501144409,0.002062499988824129,0.0006426000036299229
1324,1.0689191818237305,27.173297882080078,0.869055986404419,0.00207280000904575,0.0006437000120058656
1325,1.0374962091445923,27.183805465698242,0.8706539869308472,0.0020867999992333353,0.0006362000131048262
1326,1.1073507070541382,27.19420623779297,0.8719873428344727,0.0020919000380672514,0.0006417999975383282
1327,0.8843011856079102,27.204179763793945,0.868046224117279,0.002087300003040582,0.0006463000318035483
1328,1.0685510635375977,27.214088439941406,0.8707149624824524,0.00206990004517138,0.0006509000086225569
1329,0.797843337059021,27.2236328125,0.8696705102920532,0.002070799993816763,0.0006360000115819275
1330,0.9230762720108032,27.23350715637207,0.8741748929023743,0.002071700000669807,0.0006427000043913722
1331,1.1242727041244507,27.24381446838379,0.8757180571556091,0.002102699945680797,0.0006337999948300421
1332,0.9557830691337585,27.253944396972656,0.8724702596664429,0.002124299993738532,0.0006726999999955297
1333,1.1644537448883057,27.264415740966797,0.8793464303016663,0.002083199971821159,0.0006377999670803547
1334,0.7775726318359375,27.274818420410156,0.8967404365539551,0.002078999998047948,0.0006391999777406454
1335,1.1117804050445557,27.285490036010742,0.9132106304168701,0.0021599000319838524,0.0006532000261358917
1336,1.0292953252792358,27.295867919921875,0.9148587584495544,0.0020871000015176833,0.0006517000147141516
1337,1.2162752151489258,27.30610466003418,0.9203813076019287,0.002107400039676577,0.0006406999891623855
1338,1.3434720039367676,27.315837860107422,0.9191825985908508,0.002139899996109307,0.0006877999985590577
1339,1.1655395030975342,27.32511329650879,0.8939998149871826,0.0020714999991469085,0.0006476999842561781
1340,0.9155426025390625,27.334346771240234,0.8708186149597168,0.0020841999794356525,0.0006306000286713243
1341,0.837906002998352,27.34408187866211,0.8586927652359009,0.0021019999985583127,0.0006326999864540994
1342,0.9751170873641968,27.353904724121094,0.8509680032730103,0.0020747999660670757,0.0006461999728344381
1343,0.9796352982521057,27.36368751525879,0.8474078178405762,0.0021329999435693026,0.0006486999918706715
1344,1.1225003004074097,27.37337875366211,0.8438574075698853,0.0021232000435702503,0.0006707999855279922
1345,0.9717095494270325,27.383014678955078,0.8392739295959473,0.0020665000192821026,0.0006351000047288835
1346,1.1416501998901367,27.393251419067383,0.8398136496543884,0.0020880000083707273,0.0006435999530367553
1347,1.056331753730774,27.403339385986328,0.8430953025817871,0.0020809000125154853,0.0006452000234276056
1348,0.9352008700370789,27.413997650146484,0.836178719997406,0.0020748000242747366,0.0006354999495670199
1349,0.9409095048904419,27.424623489379883,0.8300402760505676,0.0021069999784231186,0.0006435000104829669
1350,0.8712700009346008,27.435819625854492,0.8198534846305847,0.002170699997805059,0.0006778999813832343
1351,1.021747350692749,27.446855545043945,0.8131108283996582,0.00209060002816841,0.0006386000313796103
1352,0.91207355260849,27.45754051208496,0.8104227781295776,0.0020881000091321766,0.0006694999756291509
1353,1.096375584602356,27.468534469604492,0.8147565126419067,0.0021321999956853688,0.0006277000065892935
1354,0.88457190990448,27.47913360595703,0.8288926482200623,0.002124899998307228,0.0006673000170849264
1355,0.9522605538368225,27.48972511291504,0.844454824924469,0.0021144000347703695,0.0006387000321410596
1356,1.1954981088638306,27.50006675720215,0.8573215007781982,0.002278900006785989,0.0007596999639645219
1357,0.8186056017875671,27.50997543334961,0.852171778678894,0.0021156000439077616,0.0006777000380679965
1358,0.9804521799087524,27.519821166992188,0.8429343104362488,0.0020941999973729253,0.0006422000005841255
1359,0.9910292029380798,27.529836654663086,0.8326459527015686,0.0020680000307038426,0.0006417999975383282
1360,0.9284263849258423,27.539731979370117,0.8249309659004211,0.002209800004493445,0.0006544999778270721
1361,0.8954956531524658,27.54950523376465,0.8170041441917419,0.0021570000099018216,0.0006464999751187861
1362,0.9515790939331055,27.55931854248047,0.8140184283256531,0.002317700011190027,0.0008110000053420663
1363,0.8166621327400208,27.56987953186035,0.8158463835716248,0.0020927999867126346,0.0006398000405170023
1364,1.0266482830047607,27.580570220947266,0.8141670227050781,0.002194400003645569,0.0006441999576054513
1365,0.8072788119316101,27.591310501098633,0.8130010366439819,0.0021092999959364533,0.000658900011330843
1366,0.8838610053062439,27.602834701538086,0.8169360160827637,0.0020933999912813306,0.0006403999868780375
1367,0.7995671033859253,27.614198684692383,0.8223226070404053,0.00225650001084432,0.0006346000009216368
1368,0.9166990518569946,27.625455856323242,0.83438640832901,0.0021736000198870897,0.0007622000412084162
1369,1.0107603073120117,27.63650894165039,0.8611977100372314,0.0021089999936521053,0.0006422000005841255
1370,0.9141280651092529,27.64783477783203,0.8814772963523865,0.0021109000081196427,0.0006349000032059848
1371,0.8408704400062561,27.659107208251953,0.9058101177215576,0.002134000009391457,0.0006781999836675823
1372,0.9096488356590271,27.670488357543945,0.9012198448181152,0.0020948000019416213,0.000645000021904707
1373,0.8891668915748596,27.681861877441406,0.8989487886428833,0.0024145999923348427,0.0006773999775759876
1374,0.9685131907463074,27.693004608154297,0.8693920373916626,0.002177199989091605,0.0007735000108368695
1375,0.9248785972595215,27.704004287719727,0.8449402451515198,0.0020983999711461365,0.0006414999952539802
1376,1.0871429443359375,27.71473503112793,0.834282398223877,0.0021453999797813594,0.0006340999971143901
1377,1.0474385023117065,27.72553825378418,0.8387612104415894,0.002137000032234937,0.000687599997036159
1378,0.7378449440002441,27.735733032226562,0.8538414835929871,0.0021112000104039907,0.0006466000340878963
1379,0.9576120972633362,27.746912002563477,0.8608046174049377,0.002386300009675324,0.0007498000049963593
1380,1.0225048065185547,27.758535385131836,0.8466182947158813,0.002154799993149936,0.0006834999658167362
1381,1.1597340106964111,27.76976203918457,0.8228490948677063,0.0020930999889969826,0.0006535999709740281
1382,0.9117521047592163,27.78061294555664,0.8086035251617432,0.0021389999892562628,0.0006384000298567116
1383,1.0366300344467163,27.79106903076172,0.805666446685791,0.0022122999653220177,0.0007028999971225858
1384,1.0324610471725464,27.80193519592285,0.8080626726150513,0.0021333000040613115,0.0006424000021070242
1385,0.8420714735984802,27.81245231628418,0.8220617175102234,0.0022815000265836716,0.0007006000378169119
1386,0.8513101935386658,27.82299041748047,0.8410405516624451,0.0021191000123508275,0.0006659000064246356
1387,0.7911474704742432,27.833398818969727,0.8636582493782043,0.002098499971907586,0.0006529000238515437
1388,1.0000574588775635,27.843931198120117,0.8552093505859375,0.002187799953389913,0.0006428000051528215
1389,0.7614220380783081,27.85420036315918,0.8449997305870056,0.0021186000085435808,0.0006569999968633056
1390,0.8209469318389893,27.86529541015625,0.8303183317184448,0.0022306000464595854,0.0006433000089600682
1391,1.0518369674682617,27.876453399658203,0.8247341513633728,0.002280700020492077,0.0007676000241190195
1392,0.9364194869995117,27.887617111206055,0.8214882612228394,0.0021172999986447394,0.0006562999915331602
1393,0.8179906010627747,27.898664474487305,0.8247906565666199,0.002106199972331524,0.0006435000104829669
1394,0.9923015236854553,27.90972328186035,0.8352361917495728,0.002179300005082041,0.0006388999754562974
1395,0.8699880242347717,27.920616149902344,0.8368651270866394,0.0021186000085435808,0.0006726999999955297
1396,1.1700594425201416,27.931243896484375,0.8299972414970398,0.002190200029872358,0.0006435000104829669
1397,0.8604201078414917,27.941864013671875,0.8068638443946838,0.0021935999975539744,0.0007360999588854611
1398,0.8263557553291321,27.952621459960938,0.7845765948295593,0.0020999000407755375,0.0006513000116683543
1399,0.8053094148635864,27.963924407958984,0.7800447940826416,0.002085499989334494,0.0006504000048153102
1400,1.0277783870697021,27.975160598754883,0.7804486751556396,0.002188200014643371,0.0006386000313796103
1401,0.9534271955490112,27.98621368408203,0.7850956320762634,0.0021244999952614307,0.0006759000243619084
1402,1.223140001296997,27.997230529785156,0.7876882553100586,0.002376799995545298,0.0006492999964393675
1403,0.9149415493011475,28.008312225341797,0.7878049612045288,0.002129599975887686,0.0006994000286795199
1404,0.980596661567688,28.019393920898438,0.7830337285995483,0.0021185000077821314,0.0006435999530367553
1405,1.0536233186721802,28.03009033203125,0.7827281951904297,0.002204400021582842,0.0006472999812103808
1406,0.8389769792556763,28.04088020324707,0.7823081016540527,0.002090000023599714,0.000651800015475601
1407,0.9055269360542297,28.051725387573242,0.7767215371131897,0.002082000020891428,0.0006566999945789576
1408,0.9891844391822815,28.063154220581055,0.7844434976577759,0.0023287999792955816,0.0006910000229254365
1409,1.0091910362243652,28.074615478515625,0.7901877760887146,0.0021342000109143555,0.000680800003465265
1410,0.9414430856704712,28.085886001586914,0.7901647686958313,0.002084899984765798,0.0006411999929696321
1411,0.8992525339126587,28.09679412841797,0.7794033885002136,0.002085599990095943,0.0006314999773167074
1412,0.967360258102417,28.10775375366211,0.7743924260139465,0.002087899949401617,0.0006447000196203589
1413,0.9819638133049011,28.119007110595703,0.764699399471283,0.002108899992890656,0.0006432000081986189
1414,1.0110564231872559,28.1297664642334,0.7636841535568237,0.0024032999644987285,0.0007314999820664525
1415,0.8665910959243774,28.140783309936523,0.7713803052902222,0.0021016000537201762,0.0006578999455086887
1416,0.8720881938934326,28.151535034179688,0.7735892534255981,0.0020828000269830227,0.0006423000013455749
1417,0.8885881900787354,28.16233253479004,0.7712901830673218,0.002084299980197102,0.0006346000009216368
1418,1.067884922027588,28.17315673828125,0.7677597403526306,0.0020875000045634806,0.0006422000005841255
1419,0.8349881768226624,28.183456420898438,0.7652245163917542,0.0021232999861240387,0.0006490999949164689
1420,0.9251984357833862,28.194517135620117,0.7635745406150818,0.0022010999964550138,0.0007044000085443258
1421,0.8235341906547546,28.20517921447754,0.758637547492981,0.002110700006596744,0.000645299965981394
1422,0.8571143746376038,28.2160587310791,0.7465032935142517,0.002092700044158846,0.0006426000036299229
1423,0.8310364484786987,28.22713851928711,0.7444716095924377,0.0020918999798595905,0.000647100037895143
1424,0.8280783295631409,28.23798370361328,0.7454137802124023,0.0020975000225007534,0.0006415999960154295
1425,0.8047175407409668,28.248971939086914,0.7546066641807556,0.0021776999928988516,0.0006433000089600682
1426,0.7012869715690613,28.25979232788086,0.7584109902381897,0.0022103999508544803,0.0007784999907016754
1427,0.9207380414009094,28.270681381225586,0.7548864483833313,0.0020954000065103173,0.0006482999888248742
1428,1.009814977645874,28.281497955322266,0.750978946685791,0.0020749999675899744,0.0006424999446608126
1429,0.8512534499168396,28.291946411132812,0.7408251166343689,0.0020852000452578068,0.0006321999826468527
1430,0.9116842746734619,28.30231475830078,0.735720694065094,0.002098000026308,0.0006441000150516629
1431,0.7884002327919006,28.312868118286133,0.7324342727661133,0.0021458000410348177,0.0006407999899238348
1432,0.9628556966781616,28.3243408203125,0.7296729683876038,0.0021824000286869705,0.0007324000471271574
1433,1.0854865312576294,28.33565902709961,0.7313967347145081,0.0020744000212289393,0.0006433000089600682
1434,1.074597954750061,28.346641540527344,0.735152006149292,0.0020963000133633614,0.0006415999960154295
1435,0.90141761302948,28.357576370239258,0.7348654866218567,0.0020861999946646392,0.0006392999785020947
1436,0.9169482588768005,28.36857795715332,0.7360786199569702,0.002090599969960749,0.0006520000169984996
1437,0.86197429895401,28.379255294799805,0.737867534160614,0.0021715000038966537,0.0006447999621741474
1438,1.004141092300415,28.389753341674805,0.7416046857833862,0.0022352999658323824,0.0007789999945089221
1439,0.9969853162765503,28.400110244750977,0.7413014769554138,0.0021176000009290874,0.0006481999880634248
1440,0.9607712626457214,28.410743713378906,0.7410757541656494,0.002188399957958609,0.0006904999609105289
1441,0.958116888999939,28.420930862426758,0.742645800113678,0.002108000044245273,0.0006547999801114202
1442,0.99327152967453,28.430936813354492,0.7376223206520081,0.002086399996187538,0.0006368000176735222
1443,0.9814342856407166,28.441104888916016,0.7372104525566101,0.0023702000034973025,0.0006460999720729887
1444,0.9709347486495972,28.451303482055664,0.7381906509399414,0.0021108000073581934,0.0006868999917060137
1445,0.9907811880111694,28.46116828918457,0.7406668663024902,0.00209349999204278,0.0006445000180974603
1446,0.8217535614967346,28.47099494934082,0.7476322054862976,0.0021294000325724483,0.0006428000051528215
1447,0.8644961714744568,28.481021881103516,0.7601416110992432,0.002094700001180172,0.0006433000089600682
1448,0.7526828646659851,28.49091148376465,0.762427031993866,0.0020946000004187226,0.0006550999823957682
1449,0.8374654054641724,28.500892639160156,0.7613250017166138,0.0021721000084653497,0.0006387999746948481
1450,0.8789286017417908,28.510744094848633,0.7537850737571716,0.0021090000518597662,0.0006915000267326832
1451,0.8360507488250732,28.52067756652832,0.7634773850440979,0.002098199969623238,0.0006404999876394868
1452,0.9531843066215515,28.530500411987305,0.7624513506889343,0.0020874999463558197,0.0006398999830707908
1453,0.8221971988677979,28.54022216796875,0.7671089172363281,0.0020957000087946653,0.0006389999762177467
1454,0.7759072184562683,28.550134658813477,0.7659804224967957,0.0021145999780856073,0.000637899967841804
1455,0.9193233847618103,28.560039520263672,0.7640796303749084,0.0023395000025629997,0.0006625999812968075
1456,0.9822933077812195,28.569997787475586,0.7593839764595032,0.002089099958539009,0.0006430999492295086
1457,0.9742578864097595,28.580482482910156,0.7429806590080261,0.0021156000439077616,0.0006426000036299229
1458,0.8769975900650024,28.590986251831055,0.7380236983299255,0.0020827000262215734,0.0006377000245265663
1459,0.8016950488090515,28.601116180419922,0.7404376864433289,0.002098300028592348,0.0006310000317171216
1460,0.8235175609588623,28.61115074157715,0.7571626305580139,0.002076899982057512,0.0006406999891623855
1461,0.8769928812980652,28.621028900146484,0.7538595795631409,0.0022827000357210636,0.0006905999616719782
1462,0.9350115656852722,28.630727767944336,0.7433024644851685,0.002308800001628697,0.0006809000042267144
1463,0.83769291639328,28.640457153320312,0.7334072589874268,0.0021050000214017928,0.0006572999991476536
1464,0.8091444969177246,28.650041580200195,0.7211739420890808,0.0020906999707221985,0.0006420000572688878
1465,0.7059763669967651,28.659502029418945,0.7198504209518433,0.002092299982905388,0.0006372000207193196
1466,0.9631093740463257,28.66895294189453,0.7269091010093689,0.0020972000202164054,0.0006417999975383282
1467,0.8760428428649902,28.678714752197266,0.7386156916618347,0.002149400010239333,0.0006886000046506524
1468,0.9251485466957092,28.688398361206055,0.7506511211395264,0.0020881000091321766,0.000674300012178719
1469,0.8609013557434082,28.6978816986084,0.748455822467804,0.002069000038318336,0.0006396000389941037
1470,0.8988714814186096,28.707332611083984,0.7331218719482422,0.0020806000102311373,0.000645600026473403
1471,0.7322120070457458,28.71647071838379,0.7167415022850037,0.0020889000152237713,0.000634100055322051
1472,0.939195454120636,28.726173400878906,0.7091199159622192,0.0021569000091403723,0.000638200028333813
1473,0.8968380689620972,28.73599624633789,0.713047206401825,0.002263000002130866,0.0007256999961100519
1474,0.9401278495788574,28.745697021484375,0.7127348184585571,0.0021075999829918146,0.0006488999933935702
1475,0.9508076906204224,28.755268096923828,0.7166189551353455,0.002089400019031018,0.0006343999993987381
1476,0.8056968450546265,28.76439094543457,0.7179999947547913,0.00208309997105971,0.0006430000066757202
1477,0.9576480388641357,28.773460388183594,0.7400493621826172,0.002075499971397221,0.0006423000013455749
1478,0.7444712519645691,28.78228187561035,0.7668815851211548,0.002098299970384687,0.000638199970126152
1479,1.0024446249008179,28.7913818359375,0.7850061058998108,0.002121900033671409,0.0006470999796874821
1480,0.9563005566596985,28.80066680908203,0.7756154537200928,0.0020813000155612826,0.0006355000077746809
1481,0.8156474828720093,28.810218811035156,0.7457334399223328,0.002082599967252463,0.0006274999468587339
1482,0.9127395749092102,28.819795608520508,0.7290804982185364,0.0020782999927178025,0.0006397999823093414
1483,0.8826784491539001,28.829355239868164,0.7306104302406311,0.00207719998434186,0.0006431000074371696
1484,0.8916358947753906,28.838823318481445,0.7452077865600586,0.0020810000132769346,0.0006332999910227954
1485,0.8067478537559509,28.848342895507812,0.7590383887290955,0.002124899998307228,0.0006422000005841255
1486,0.8466539978981018,28.857784271240234,0.7625835537910461,0.0020744000212289393,0.0006403999868780375
1487,1.0055861473083496,28.867225646972656,0.7547613382339478,0.0020753999706357718,0.0006373000214807689
1488,0.766608476638794,28.876678466796875,0.7291547060012817,0.002081400016322732,0.0006394999800249934
1489,0.8573648929595947,28.886125564575195,0.7070866227149963,0.002111900015734136,0.0006336999940685928
1490,0.9975904226303101,28.895631790161133,0.6868163347244263,0.002123699989169836,0.0006436000112444162
1491,0.8807083964347839,28.905323028564453,0.6804506182670593,0.0020887000137008727,0.000647400040179491
1492,0.7726500630378723,28.914817810058594,0.6803624629974365,0.0020820999634452164,0.0006409999914467335
1493,0.7282768487930298,28.92435073852539,0.6874555349349976,0.0020665000192821026,0.0006351000047288835
1494,0.7573441863059998,28.934125900268555,0.7003368139266968,0.0020762000349350274,0.0006386000313796103
1495,0.7786314487457275,28.944019317626953,0.7088563442230225,0.002077799988910556,0.0006423000013455749
1496,0.7747079730033875,28.954214096069336,0.715548038482666,0.00208470004145056,0.0006381000275723636
1497,0.8864457607269287,28.96442222595215,0.7124626636505127,0.0021858999971300364,0.0006512000109069049
1498,0.9963468909263611,28.974721908569336,0.6992390751838684,0.002166199963539839,0.0006913999677635729
1499,0.8111900091171265,28.985382080078125,0.6873025298118591,0.002082000020891428,0.0006441000150516629
1500,0.8362148404121399,28.996414184570312,0.6749725341796875,0.0021077999845147133,0.0006482000462710857
1501,0.8607550859451294,29.00768280029297,0.67503821849823,0.0020956999505870044,0.0006387999746948481
1502,0.8584588766098022,29.019107818603516,0.6751982569694519,0.002143800025805831,0.0006349000032059848
1503,0.7136295437812805,29.03008270263672,0.677782416343689,0.0021353000192902982,0.0007258999976329505
1504,0.6993454098701477,29.040925979614258,0.6750466823577881,0.002087000000756234,0.0006496999994851649
1505,0.7654041051864624,29.05164909362793,0.670924723148346,0.0020829999702982605,0.0006334999925456941
1506,0.7876779437065125,29.062265396118164,0.6677703261375427,0.0020991999772377312,0.0006465999758802354
1507,0.9794679284095764,29.07281494140625,0.6652873158454895,0.0020650000078603625,0.0006425000028684735
1508,0.8260312676429749,29.083051681518555,0.6652522683143616,0.0021150000393390656,0.0006393999792635441
1509,0.837577223777771,29.093286514282227,0.6654680371284485,0.002108100045006722,0.0006488999933935702
1510,0.8098344802856445,29.10346031188965,0.6657435297966003,0.002122500038240105,0.0006748000159859657
1511,0.696441650390625,29.113441467285156,0.6650232076644897,0.0021814999636262655,0.0006405999884009361
1512,0.8074539303779602,29.12347412109375,0.6641286611557007,0.0020810000132769346,0.0006395999807864428
1513,0.7198906540870667,29.13329315185547,0.664339542388916,0.002087000000756234,0.0006377999670803547
1514,0.8377743363380432,29.143442153930664,0.6683952212333679,0.0020930999889969826,0.000639700039755553
1515,0.6648421883583069,29.153564453125,0.6780420541763306,0.0021794000058434904,0.000652100017759949
1516,0.7207317352294922,29.16360855102539,0.6898348927497864,0.002083800034597516,0.0006373000214807689
1517,0.9284628629684448,29.173540115356445,0.692853569984436,0.002085599990095943,0.000639700039755553
1518,1.0204845666885376,29.183839797973633,0.6974290609359741,0.0020917000365443528,0.0006537000299431384
1519,0.6232272386550903,29.193756103515625,0.6983248591423035,0.002070099988486618,0.0006325000431388617
1520,0.853305995464325,29.203676223754883,0.7047707438468933,0.0020972000202164054,0.0006706000422127545
1521,0.8710110187530518,29.213890075683594,0.7105867266654968,0.0021120000164955854,0.0006623000372201204
1522,0.8008890748023987,29.223833084106445,0.7105699181556702,0.0020884000114165246,0.0006671000155620277
1523,0.8247588276863098,29.23378562927246,0.7178483605384827,0.002081999962683767,0.0006401999853551388
1524,0.8772351741790771,29.243627548217773,0.7227757573127747,0.0020842000376433134,0.0006352000054903328
1525,0.7177677154541016,29.253469467163086,0.716870903968811,0.002083699975628406,0.0006346000009216368
1526,0.7782561779022217,29.26386260986328,0.7119641304016113,0.0021003999863751233,0.0006494999979622662
1527,0.7763034105300903,29.27408218383789,0.6940626502037048,0.002098299970384687,0.0006742000114172697
1528,0.9262468814849854,29.284250259399414,0.6825907826423645,0.002077899989672005,0.0006585000082850456
1529,0.6568178534507751,29.29432487487793,0.6788922548294067,0.0021036999532952905,0.0006462999735958874
1530,0.9715660214424133,29.30446434020996,0.6848990321159363,0.0020875000045634806,0.0006429000059142709
1531,0.8003280162811279,29.31412124633789,0.6924031376838684,0.002090000023599714,0.0006417999975383282
1532,0.7533309459686279,29.323841094970703,0.6934966444969177,0.0021285999682731926,0.0006418999982997775
1533,0.9167412519454956,29.333621978759766,0.6889225244522095,0.0021379999816417694,0.0006749000167474151
1534,0.74736088514328,29.342992782592773,0.6654454469680786,0.0020762000349350274,0.0006396000389941037
1535,0.9321097135543823,29.352401733398438,0.6457854509353638,0.0020871000015176833,0.0006380000268109143
1536,0.9205797910690308,29.361478805541992,0.6342810988426208,0.0020864999969489872,0.0006403999868780375
1537,0.8733571767807007,29.370405197143555,0.629697859287262,0.0022519999765791,0.0007131999591365457
1538,0.8208203315734863,29.379215240478516,0.6300172805786133,0.0022747000330127776,0.0006761999684385955
1539,0.7088363766670227,29.388187408447266,0.6328251361846924,0.0021311999880708754,0.0006593000143766403
1540,0.8867830634117126,29.39743423461914,0.6333927512168884,0.002104200015310198,0.0006436999537982047
1541,0.7861324548721313,29.40658187866211,0.6294565796852112,0.0021010999917052686,0.0006376000237651169
1542,0.9133913516998291,29.415935516357422,0.6360502243041992,0.002110099943820387,0.0006432000081986189
1543,0.8374373912811279,29.425052642822266,0.65189528465271,0.0021097999997437,0.0006392999785020947
1544,1.013755202293396,29.434179306030273,0.6549643874168396,0.0021280000219121575,0.0006606000242754817
1545,0.8135696649551392,29.443525314331055,0.6468102335929871,0.0021033999510109425,0.0006430000066757202
1546,0.7908835411071777,29.452857971191406,0.6298869252204895,0.0020918999798595905,0.0006329999887384474
1547,0.6573470234870911,29.46213722229004,0.6224875450134277,0.002125500002875924,0.0006410999922081828
1548,0.6222915053367615,29.471744537353516,0.6183762550354004,0.002111000008881092,0.0006548999808728695
1549,0.8503921031951904,29.48150634765625,0.6151618957519531,0.0020969000179320574,0.0006429000059142709
1550,0.7640848159790039,29.490938186645508,0.6103556156158447,0.0021597000304609537,0.0006686999695375562
1551,0.6022021770477295,29.500518798828125,0.604461133480072,0.002090000023599714,0.0006389000336639583
1552,0.7610598802566528,29.509920120239258,0.6016871929168701,0.0020887000137008727,0.0006443000165745616
1553,0.7890081405639648,29.51926612854004,0.5968964695930481,0.0021015999955125153,0.0006418000557459891
1554,0.8183180689811707,29.528499603271484,0.5968829393386841,0.0020977999665774405,0.0006423000013455749
1555,0.8389683961868286,29.537715911865234,0.5973292589187622,0.0020825000246986747,0.0006360000115819275
1556,0.7782981395721436,29.5468692779541,0.599261462688446,0.002147099992725998,0.0006532000261358917
1557,0.7895542979240417,29.556026458740234,0.6036933660507202,0.0021034000092186034,0.0006463999743573368
1558,0.7115351557731628,29.56475830078125,0.606360912322998,0.0021037000115029514,0.0006399999838322401
1559,0.6784477829933167,29.573814392089844,0.6114357113838196,0.0020935999928042293,0.0006444000173360109
1560,1.043657898902893,29.582874298095703,0.6193071007728577,0.002106600033584982,0.0006435000104829669
1561,1.074961543083191,29.59248924255371,0.6261531114578247,0.002098800032399595,0.0006442000158131123
1562,0.7971326112747192,29.601835250854492,0.6292169690132141,0.002197700028773397,0.0007987000280991197
1563,0.6082367300987244,29.611310958862305,0.6026400327682495,0.0021498000132851303,0.0006409999914467335
1564,0.6756797432899475,29.62103271484375,0.5900121927261353,0.0021023000008426607,0.0006425000028684735
1565,0.750451385974884,29.630712509155273,0.5806090235710144,0.002097400021739304,0.0006365000153891742
1566,0.8572608828544617,29.640241622924805,0.5753865242004395,0.0020919000380672514,0.000645300024189055
1567,0.9529839754104614,29.64988899230957,0.573263943195343,0.0021164999925531447,0.0006416999967768788
1568,0.7378289103507996,29.659515380859375,0.5763309597969055,0.0021278999629430473,0.0006581000052392483
1569,0.8920595049858093,29.669170379638672,0.5910449028015137,0.0020978000247851014,0.0006355000077746809
1570,0.832573652267456,29.67845916748047,0.621574342250824,0.0020951000042259693,0.0006415999960154295
1571,0.7646334767341614,29.687746047973633,0.6509568095207214,0.0021348000154830515,0.0006443000165745616
1572,0.9080374240875244,29.69706916809082,0.6578794717788696,0.0021096999989822507,0.0006389000336639583
1573,0.8308840990066528,29.70649528503418,0.6532211899757385,0.0021569000091403723,0.0006368000176735222
1574,0.8311166167259216,29.716005325317383,0.6430793404579163,0.00222389999544248,0.0007906000246293843
1575,0.7658794522285461,29.725372314453125,0.6497006416320801,0.002107400039676577,0.0006407999899238348
1576,0.9439889192581177,29.73472785949707,0.655282735824585,0.002106199972331524,0.0006402999861165881
1577,0.8838563561439514,29.743745803833008,0.6528505086898804,0.0021114000119268894,0.000637899967841804
1578,0.8476797938346863,29.752687454223633,0.6415658593177795,0.0021063999738544226,0.0006326999864540994
1579,0.5649429559707642,29.76141357421875,0.6254938244819641,0.0021451999782584608,0.0006602999637834728
1580,0.8862192630767822,29.770240783691406,0.6197800636291504,0.002139899996109307,0.000667800020892173
1581,0.7984641194343567,29.77896499633789,0.6236844062805176,0.0021004999871365726,0.0006408999906852841
1582,0.7835279107093811,29.787790298461914,0.6301528811454773,0.002111799956765026,0.0006396999815478921
1583,0.6568353176116943,29.79719352722168,0.6350993514060974,0.0021008000476285815,0.0006333999917842448
1584,0.6908855438232422,29.807233810424805,0.6365746259689331,0.002098499971907586,0.0006413999944925308
1585,0.6801583170890808,29.817123413085938,0.6396377086639404,0.002132800000254065,0.0006414999952539802
1586,0.7271626591682434,29.827390670776367,0.6301804184913635,0.002126900013536215,0.0006893000099807978
1587,0.9532316327095032,29.8372802734375,0.6142156720161438,0.0021059999708086252,0.0006411999929696321
1588,0.6609243154525757,29.847068786621094,0.6117537617683411,0.0021100000012665987,0.0006380999693647027
1589,0.7377883791923523,29.8565731048584,0.5879119634628296,0.0020997999818064272,0.0006410999922081828
1590,0.75948166847229,29.866252899169922,0.5897311568260193,0.0021306999842636287,0.0006426000036299229
1591,0.7686121463775635,29.875768661499023,0.6061384081840515,0.0021409999462775886,0.0006453999667428434
1592,0.7128664255142212,29.885255813598633,0.6455471515655518,0.002101800055243075,0.0006409999914467335
1593,0.693156361579895,29.89451026916504,0.6917905211448669,0.002107099979184568,0.0006315000355243683
1594,0.8230109810829163,29.903749465942383,0.7212637662887573,0.002105700026731938,0.0006420999998226762
1595,0.672578752040863,29.912864685058594,0.7376450300216675,0.0021005000453442335,0.000646200031042099
1596,0.8207715153694153,29.921947479248047,0.7005438804626465,0.0021007999894209206,0.0006446000188589096
1597,0.549062967300415,29.931007385253906,0.6501681208610535,0.002163600001949817,0.0006466999766416848
1598,0.759096086025238,29.940547943115234,0.5970907807350159,0.0022270000190474093,0.0006714999908581376
1599,0.6450144052505493,29.949769973754883,0.5513907074928284,0.0021166999940760434,0.0006415999960154295
1600,0.6900853514671326,29.958974838256836,0.5473001003265381,0.002120500023011118,0.0006454999675042927
1601,0.7543557286262512,29.96829605102539,0.5742141008377075,0.002111000008881092,0.0006637000478804111
1602,0.7395029067993164,29.97776222229004,0.622736930847168,0.0021160999895073473,0.0006469999789260328
1603,0.624973475933075,29.987197875976562,0.6708749532699585,0.002130799985025078,0.0006370000191964209
1604,0.8064497709274292,29.996904373168945,0.7058604955673218,0.0021209000260569155,0.0006398999830707908
1605,0.7740272879600525,30.006376266479492,0.6862040758132935,0.002099999983329326,0.0006428000051528215
1606,0.7215763330459595,30.015941619873047,0.6449247598648071,0.0021121000172570348,0.0006448000203818083
1607,0.6738378405570984,30.0255126953125,0.6140074729919434,0.002145899983588606,0.0006613999721594155
1608,0.6359309554100037,30.035118103027344,0.5803831815719604,0.002099999983329326,0.0006430999492295086
1609,0.7581566572189331,30.04460906982422,0.5553184151649475,0.0021166999940760434,0.0006358000100590289
1610,0.761457085609436,30.054019927978516,0.5503733158111572,0.0021317999926395714,0.0006540000322274864
1611,0.8490067720413208,30.063261032104492,0.5540957450866699,0.0021465999889187515,0.0006492999964393675
1612,0.934631884098053,30.072429656982422,0.5609863996505737,0.0021191000123508275,0.0006563999922946095
1613,0.6927371025085449,30.08138084411621,0.5628982782363892,0.002126899955328554,0.0006386999739333987
1614,0.6217257380485535,30.090272903442383,0.5601867437362671,0.002128100022673607,0.0006416999967768788
1615,0.8874282240867615,30.099002838134766,0.558275580406189,0.0022481000050902367,0.000646200031042099
1616,0.7494285702705383,30.107337951660156,0.5506349802017212,0.002171000000089407,0.0006739999516867101
1617,0.7969176769256592,30.11562728881836,0.5382445454597473,0.0021385999862104654,0.0006523000192828476
1618,0.7781741619110107,30.123638153076172,0.531775176525116,0.0021154999849386513,0.000638800032902509
1619,0.8251770734786987,30.13140869140625,0.5304003357887268,0.0021164999925531447,0.0006402999861165881
1620,0.6040679216384888,30.139175415039062,0.5268823504447937,0.0021327000577002764,0.0006418999982997775
1621,0.7540752291679382,30.147077560424805,0.5232630968093872,0.002166000020224601,0.0006420999998226762
1622,0.985144317150116,30.154773712158203,0.523603081703186,0.0021172999986447394,0.000645000021904707
1623,0.825372040271759,30.162385940551758,0.5258840918540955,0.002106000029016286,0.0006367000169120729
1624,0.6801608800888062,30.170101165771484,0.5346413254737854,0.0021249999990686774,0.0006528000230900943
1625,0.8166734576225281,30.178247451782227,0.5457586646080017,0.0020954000065103173,0.0006489999941550195
1626,0.8127453327178955,30.1867733001709,0.5454748868942261,0.0020995999802835286,0.0006374000222422183
1627,0.7157336473464966,30.195270538330078,0.5462908148765564,0.0021460000425577164,0.0006472999812103808
1628,0.717353343963623,30.204254150390625,0.5523577332496643,0.0021345000131987035,0.0006448000203818083
1629,0.524273693561554,30.21331787109375,0.551943302154541,0.0021179000032134354,0.0006364000146277249
1630,0.6572789549827576,30.223236083984375,0.5495955944061279,0.0021182000054977834,0.000636699958704412
1631,0.7184860706329346,30.233219146728516,0.5458686351776123,0.0021169999963603914,0.0006380000268109143
1632,0.6737750172615051,30.243148803710938,0.5482102632522583,0.002107700041960925,0.0006492999964393675
1633,0.722082257270813,30.253007888793945,0.5565947890281677,0.0022464999929070473,0.000678999989759177
1634,0.8990678787231445,30.262361526489258,0.561394214630127,0.0021278999629430473,0.0006840000278316438
1635,0.8347155451774597,30.27138328552246,0.564911425113678,0.002103300008457154,0.0006403999868780375
1636,0.8008577227592468,30.28006935119629,0.5564473867416382,0.002114499977324158,0.0006377999670803547
1637,0.713425874710083,30.288532257080078,0.5600540637969971,0.002116299991030246,0.0006367999594658613
1638,0.8159494996070862,30.29728126525879,0.5676187872886658,0.002103000006172806,0.0006465999758802354
1639,0.8194223046302795,30.30617332458496,0.5665577054023743,0.002110899949911982,0.0006601999630220234
1640,0.7102179527282715,30.31497573852539,0.563940167427063,0.002116299991030246,0.0006376000237651169
1641,0.6236384510993958,30.324209213256836,0.5634780526161194,0.0021013999939896166,0.0006415999960154295
1642,0.8478412628173828,30.333538055419922,0.5651137828826904,0.0021115000126883388,0.0006395999807864428
1643,0.7545386552810669,30.3427734375,0.5517505407333374,0.002110999950673431,0.0006490999949164689
1644,0.7127541303634644,30.351953506469727,0.5332473516464233,0.0020905000274069607,0.0006374000222422183
1645,0.776357889175415,30.36102867126465,0.518042802810669,0.002142300014384091,0.000645900028757751
1646,0.590726912021637,30.36992835998535,0.5285311937332153,0.0021158999879844487,0.0006467999774031341
1647,0.6021488308906555,30.37895965576172,0.532676637172699,0.002119500015396625,0.0006392000359483063
1648,0.8723395466804504,30.388294219970703,0.5464246273040771,0.002103600010741502,0.000638200028333813
1649,0.9227961897850037,30.397491455078125,0.5280944108963013,0.0021211999701336026,0.0006381000275723636
1650,0.7307119369506836,30.406356811523438,0.5174046754837036,0.002149700012523681,0.0006516000139527023
1651,0.7484727501869202,30.415000915527344,0.5197980999946594,0.002171599946450442,0.0006802000571042299
1652,0.7850990891456604,30.42356300354004,0.5311067700386047,0.002123999991454184,0.0006550999823957682
1653,0.7029209733009338,30.431671142578125,0.5290889143943787,0.0021567000076174736,0.0006563999922946095
1654,0.6893975734710693,30.43996810913086,0.5259723663330078,0.0021377000375650823,0.0006387000321410596
1655,0.728451132774353,30.448877334594727,0.5276851654052734,0.0021060999715700746,0.0006482999888248742
1656,0.6677195429801941,30.457706451416016,0.5346965193748474,0.0021064000320620835,0.0006425000028684735
1657,0.7046838402748108,30.46637535095215,0.534095048904419,0.0021484000026248395,0.0006696000345982611
1658,0.735430896282196,30.474945068359375,0.5318905115127563,0.002108000044245273,0.0006402999861165881
1659,0.7645210027694702,30.483787536621094,0.5285608172416687,0.0020891999593004584,0.0006275000050663948
1660,0.7857266068458557,30.492446899414062,0.5223192572593689,0.0021057999692857265,0.0006387999746948481
1661,0.8240569233894348,30.50093650817871,0.5323533415794373,0.0020967000164091587,0.0006377999670803547
1662,0.7856837511062622,30.509185791015625,0.5611857175827026,0.0021128999651409686,0.0006359000108204782
1663,0.6415021419525146,30.517438888549805,0.6204420924186707,0.0021034000092186034,0.0006406999891623855
1664,0.7795323729515076,30.52566909790039,0.6587546467781067,0.0021053000236861408,0.0006355000077746809
1665,0.7393860816955566,30.53391456604004,0.6457289457321167,0.0021113999537192285,0.0006413999944925308
1666,1.0024133920669556,30.54227638244629,0.6113952398300171,0.0021012999932281673,0.0006376000237651169
1667,0.4980040490627289,30.550466537475586,0.5625574588775635,0.0021067000343464315,0.0007321999873965979
1668,0.7088450193405151,30.558841705322266,0.5330727696418762,0.0021036999532952905,0.0006287000142037868
1669,0.6192977428436279,30.567462921142578,0.5206779837608337,0.002135800023097545,0.0006698999786749482
1670,0.6346588730812073,30.576385498046875,0.5241427421569824,0.002109800057951361,0.0006431000074371696
1671,0.7844513058662415,30.585372924804688,0.547084629535675,0.002097400021739304,0.0006434000097215176
1672,0.8240398168563843,30.59423065185547,0.5755389332771301,0.0021034000092186034,0.0006420999998226762
1673,0.6411901116371155,30.60254669189453,0.5761461853981018,0.002113400027155876,0.0006331000477075577
1674,0.7829638123512268,30.610830307006836,0.5707335472106934,0.002107100037392229,0.0006370000191964209
1675,0.6145690679550171,30.618896484375,0.5679887533187866,0.002127900021150708,0.0006445000180974603
1676,0.8345727324485779,30.627206802368164,0.5562593340873718,0.002111499954480678,0.0006636999896727502
1677,0.7512063384056091,30.635526657104492,0.5823389291763306,0.002090799971483648,0.0006383999716490507
1678,0.782433271408081,30.64384651184082,0.6272839307785034,0.00210829998832196,0.0006337999948300421
1679,0.5857173800468445,30.652448654174805,0.6158167719841003,0.002113400027155876,0.0006644000532105565
1680,1.0420289039611816,30.66103744506836,0.5875549912452698,0.0021359000238589942,0.0006428000051528215
1681,0.5590837597846985,30.669254302978516,0.5358352661132812,0.00225060002412647,0.0007075000321492553
1682,0.6600246429443359,30.67772102355957,0.5033965706825256,0.002126000006683171,0.000652400020044297
1683,0.7951140999794006,30.68619728088379,0.4905358552932739,0.0021792000043205917,0.0006398000405170023
1684,0.6637897491455078,30.694658279418945,0.4961215555667877,0.0021077999845147133,0.000630499969702214
1685,0.7874611616134644,30.70378303527832,0.5029997229576111,0.0021186000085435808,0.0006420999998226762
1686,0.7912888526916504,30.7125301361084,0.5053679943084717,0.0022890999680384994,0.0006367000169120729
1687,0.8149815797805786,30.720975875854492,0.507756769657135,0.002351100032683462,0.0007279000128619373
1688,0.7484241127967834,30.728967666625977,0.5074135661125183,0.002134300011675805,0.000658600009046495
1689,0.7897664308547974,30.736988067626953,0.5057717561721802,0.0021202999632805586,0.0006638999911956489
1690,0.6470635533332825,30.745092391967773,0.5138285160064697,0.00212309998460114,0.0006396999815478921
1691,0.8242887258529663,30.75354766845703,0.5368243455886841,0.0021228999830782413,0.0006442999583669007
1692,0.660498857498169,30.761934280395508,0.5694788098335266,0.0021430999622680247,0.0006445000180974603
1693,0.7301382422447205,30.770301818847656,0.612435519695282,0.0021344999549910426,0.0006518999580293894
1694,0.7434869408607483,30.779043197631836,0.663451075553894,0.002110400004312396,0.0006349000032059848
1695,0.6354367733001709,30.78797721862793,0.694112241268158,0.002103600010741502,0.0006414999952539802
1696,0.6089687347412109,30.797075271606445,0.7040311694145203,0.002109499997459352,0.0006400999845936894
1697,0.6276004910469055,30.806129455566406,0.6650424003601074,0.0020861999946646392,0.0006794999935664237
1698,0.5377312302589417,30.815170288085938,0.6252242922782898,0.0021277000196278095,0.0006365000153891742
1699,0.716036319732666,30.824317932128906,0.5888422131538391,0.0021699999924749136,0.0006859999848529696
1700,0.7817485332489014,30.833786010742188,0.5608126521110535,0.0020999000407755375,0.0006466999766416848
1701,0.7343158721923828,30.842845916748047,0.5230244398117065,0.002119900018442422,0.000646200031042099
1702,0.7516103982925415,30.851865768432617,0.4970243573188782,0.00210679997690022,0.0006503000040538609
1703,0.7421547770500183,30.860889434814453,0.48030924797058105,0.002129599975887686,0.0006451999652199447
1704,0.5834069848060608,30.86980438232422,0.47688785195350647,0.002344299980904907,0.0006909000221639872
1705,0.7755639553070068,30.878665924072266,0.48017820715904236,0.002206800039857626,0.0007266000029630959
1706,0.6917163133621216,30.887439727783203,0.4832145869731903,0.0020905000274069607,0.0006491999956779182
1707,0.693996787071228,30.896072387695312,0.4809606671333313,0.0021374000352807343,0.0006441000150516629
1708,0.577973484992981,30.904417037963867,0.4840454161167145,0.002105699968524277,0.0006425000028684735
1709,0.6413155794143677,30.912670135498047,0.4930439591407776,0.002089899964630604,0.0006462999735958874
1710,0.5509013533592224,30.92072868347168,0.5019597411155701,0.0024167000083252788,0.0006708999862894416
1711,0.6273840069770813,30.92877197265625,0.5202306509017944,0.0021237999899312854,0.0006639000494033098
1712,0.6851961016654968,30.937055587768555,0.5190197825431824,0.0020957000087946653,0.0006416999967768788
1713,0.6936253905296326,30.945512771606445,0.5066136121749878,0.0021844999864697456,0.0006329999887384474
1714,0.7707504034042358,30.953725814819336,0.5078408122062683,0.0021295000333338976,0.0006561999907717109
1715,0.8436008095741272,30.962045669555664,0.5084781050682068,0.0021053000236861408,0.0006451000226661563
1716,0.6953109502792358,30.96995735168457,0.5065327286720276,0.0023105000145733356,0.0006607999675907195
1717,0.5951126217842102,30.97783851623535,0.5034390687942505,0.00213939999230206,0.0006745999562554061
1718,0.5694169402122498,30.985681533813477,0.5023844242095947,0.002094099996611476,0.0006395999807864428
1719,0.5984591841697693,30.993637084960938,0.5044054985046387,0.002198199974372983,0.0006985999643802643
1720,0.6861385703086853,31.001806259155273,0.49563926458358765,0.002107400039676577,0.0006413999944925308
1721,0.7366113662719727,31.010013580322266,0.47477099299430847,0.002143800025805831,0.0006389000336639583
1722,0.5833941102027893,31.01809310913086,0.4650892913341522,0.0022953000152483582,0.0007715999963693321
1723,0.5750320553779602,31.025981903076172,0.4617229402065277,0.0021302999812178314,0.0006627999828197062
1724,0.6040260791778564,31.033733367919922,0.4652339220046997,0.002089399960823357,0.0006359999533742666
1725,0.6947984099388123,31.04148292541504,0.4682845175266266,0.0020929999882355332,0.0006419999990612268
1726,0.8021169304847717,31.049270629882812,0.4692782163619995,0.0021202999632805586,0.0006378000252880156
1727,0.49010735750198364,31.056745529174805,0.4637262225151062,0.002225700009148568,0.0006405999884009361
1728,0.5371229648590088,31.064340591430664,0.45746326446533203,0.002330999996047467,0.0008503000135533512
1729,0.5086264610290527,31.07198715209961,0.4550124704837799,0.002120800025295466,0.0006538999732583761
1730,0.6083897352218628,31.079740524291992,0.45979830622673035,0.0023163000005297363,0.0006441000150516629
1731,0.6304646134376526,31.087482452392578,0.46534520387649536,0.0022145999828353524,0.000734299945179373
1732,0.6826640963554382,31.095657348632812,0.4747335612773895,0.0021241999929770827,0.0006484999903477728
1733,0.5625094175338745,31.104108810424805,0.4884399175643921,0.002327200025320053,0.0006429000059142709
1734,0.7846767902374268,31.112316131591797,0.504828929901123,0.0021897999686188996,0.0007688999758102
1735,0.61259526014328,31.120328903198242,0.5085695385932922,0.0021198999602347612,0.0006611999706365168
1736,0.5464043617248535,31.128372192382812,0.48945352435112,0.0022430000244639814,0.0006409999914467335
1737,0.7066510915756226,31.136444091796875,0.4670306444168091,0.0021302999812178314,0.0006758999661542475
1738,0.7473593950271606,31.1445255279541,0.458820641040802,0.002133700007107109,0.0006482999888248742
1739,0.6854677200317383,31.152559280395508,0.46642857789993286,0.002400800003670156,0.0006617999752052128
1740,0.6746793389320374,31.160465240478516,0.4714822471141815,0.0022333000088110566,0.0007360000163316727
1741,0.7263405323028564,31.168092727661133,0.4824242889881134,0.0021040000137872994,0.0006438000127673149
1742,0.702802836894989,31.175764083862305,0.48855942487716675,0.0021989999804645777,0.0006468999781645834
1743,0.5149925947189331,31.183412551879883,0.498191237449646,0.0021330000017769635,0.0006614999729208648
1744,0.7327457666397095,31.19156837463379,0.5175771117210388,0.002124899998307228,0.0006485999911092222
1745,0.6483245491981506,31.199687957763672,0.5377976298332214,0.0023031000164337456,0.0006781999836675823
1746,0.47299861907958984,31.20787811279297,0.5545864701271057,0.0021303999819792807,0.000658900011330843
1747,0.6287605166435242,31.21584701538086,0.5664108991622925,0.00210829998832196,0.0006415999960154295
1748,0.6520571708679199,31.223718643188477,0.5810286998748779,0.0021912999800406396,0.0006330999894998968
1749,0.5982457995414734,31.231409072875977,0.5753200054168701,0.002192599989939481,0.0006847000331617892
1750,0.5333613753318787,31.23890495300293,0.5642984509468079,0.0022305999882519245,0.0006429000059142709
1751,0.41339805722236633,31.24652862548828,0.5387282967567444,0.0024270000285468996,0.0008563000010326505
1752,0.6999907493591309,31.25491714477539,0.5200498104095459,0.0021315999911166728,0.0006579000037163496
1753,0.5010369420051575,31.262954711914062,0.5053280591964722,0.0021461000433191657,0.0006584000075235963
1754,0.7503488063812256,31.271114349365234,0.4902157783508301,0.0021512999664992094,0.0006429000059142709
1755,0.566230058670044,31.2791690826416,0.467497855424881,0.0021595999714918435,0.0006920999730937183
1756,0.6601678729057312,31.28728485107422,0.44796428084373474,0.002349600021261722,0.0006567999953404069
1757,0.5598759055137634,31.295530319213867,0.44084635376930237,0.002171900006942451,0.0006876999977976084
1758,0.5647110342979431,31.30385971069336,0.44102177023887634,0.0021149999811314046,0.0006447999621741474
1759,0.4316706359386444,31.31202507019043,0.450436532497406,0.0021501000155694783,0.0006466000340878963
1760,0.644940197467804,31.32034683227539,0.46800342202186584,0.0021210999693721533,0.0006417999975383282
1761,0.44188958406448364,31.328514099121094,0.4792228043079376,0.002146099985111505,0.0006539999740198255
1762,0.6413717269897461,31.336904525756836,0.48892271518707275,0.002381499973125756,0.000660100020468235
1763,0.7208172678947449,31.345232009887695,0.48667392134666443,0.00211569998646155,0.0006483999895863235
1764,0.5765389800071716,31.353248596191406,0.4697369933128357,0.0021138000302016735,0.0006404999876394868
1765,0.49809563159942627,31.361095428466797,0.45760270953178406,0.0021065999753773212,0.0006434000097215176
1766,0.6641148924827576,31.36897087097168,0.45809653401374817,0.0020936999935656786,0.0006328999879769981
1767,0.7004631757736206,31.37677764892578,0.46832022070884705,0.002104699960909784,0.0006409999914467335
1768,0.5748293399810791,31.3846435546875,0.48080065846443176,0.00213489995803684,0.0006513999542221427
1769,0.7292826175689697,31.392980575561523,0.4914381504058838,0.002136100025381893,0.0006347000016830862
1770,0.5335407257080078,31.401290893554688,0.4854343831539154,0.0021380999824032187,0.000639700039755553
1771,0.7701777219772339,31.409744262695312,0.4728410243988037,0.0022147000418044627,0.0006478999857790768
1772,0.7679628729820251,31.41860580444336,0.45392340421676636,0.002111600013449788,0.0006323999841697514
1773,0.6154254078865051,31.4272403717041,0.4351685345172882,0.0021699999924749136,0.0006444000173360109
1774,0.6501332521438599,31.435880661010742,0.4246572256088257,0.002292299992404878,0.0007187000010162592
1775,0.5780729055404663,31.444252014160156,0.4248689115047455,0.002126600011251867,0.0006509000086225569
1776,0.48970356583595276,31.452539443969727,0.43296951055526733,0.0021182000054977834,0.0006387999746948481
1777,0.6520607471466064,31.460634231567383,0.43949389457702637,0.002301100001204759,0.0006722999969497323
1778,0.7889339327812195,31.468629837036133,0.44024983048439026,0.002187000005505979,0.0006941999890841544
1779,0.6262674331665039,31.47654151916504,0.43736571073532104,0.0022354000248014927,0.0006467000348493457
1780,0.6057239770889282,31.484296798706055,0.43635618686676025,0.0021823999704793096,0.0006984999636188149
1781,0.5750955939292908,31.491920471191406,0.4297257363796234,0.002124899998307228,0.0006554999854415655
1782,0.580102264881134,31.499387741088867,0.4230305552482605,0.0021292000310495496,0.0006435000104829669
1783,0.5115007758140564,31.506956100463867,0.4177546203136444,0.0021268000127747655,0.0006566000520251691
1784,0.5781297087669373,31.514549255371094,0.41724395751953125,0.0021095999982208014,0.0006554999854415655
1785,0.6294985413551331,31.522146224975586,0.4175986647605896,0.002188700018450618,0.0006358000100590289
1786,0.6823315620422363,31.529592514038086,0.4220316410064697,0.002207400044426322,0.0007071000291034579
1787,0.5928988456726074,31.537063598632812,0.4263414144515991,0.002122800040524453,0.0006578000029549003
1788,0.6342067718505859,31.544660568237305,0.4268561601638794,0.002132800000254065,0.0006427000043913722
1789,0.5068520903587341,31.552268981933594,0.4355606138706207,0.0021158999879844487,0.000638800032902509
1790,0.7526408433914185,31.559959411621094,0.43360665440559387,0.0021015999955125153,0.0006353000062517822
1791,0.5236543416976929,31.56769561767578,0.42215362191200256,0.00222400005441159,0.0006438000127673149
1792,0.4376859962940216,31.575523376464844,0.4030773639678955,0.00212760001886636,0.0006382999708876014
1793,0.5743073225021362,31.583301544189453,0.39402005076408386,0.0021079000434838235,0.0006390999769791961
1794,0.5415601134300232,31.5914249420166,0.39494407176971436,0.0021102000027894974,0.0006469000363722444
1795,0.6905143857002258,31.59941291809082,0.4026198089122772,0.002094399998895824,0.0006359000108204782
1796,0.7676292657852173,31.60734748840332,0.4074673652648926,0.0021097999997437,0.0006373000214807689
1797,0.5086122751235962,31.615093231201172,0.40703514218330383,0.002414699993096292,0.0006354000070132315
1798,0.5045636892318726,31.62285041809082,0.403750479221344,0.0021271000150591135,0.0006858999840915203
1799,0.5601422190666199,31.63063621520996,0.40215110778808594,0.0021120000164955854,0.000639700039755553
1800,0.6924731731414795,31.638402938842773,0.3965158760547638,0.002091099973767996,0.0006352000054903328
1801,0.7015038728713989,31.646026611328125,0.39108991622924805,0.002106199972331524,0.0006322999834083021
1802,0.5034705996513367,31.65349769592285,0.3905739486217499,0.0021063999738544226,0.0006658999482169747
1803,0.536788821220398,31.661022186279297,0.3964295983314514,0.002185799996368587,0.0006788999889977276
1804,0.6112478375434875,31.668548583984375,0.40507304668426514,0.002124899998307228,0.0006773999775759876
1805,0.5352715849876404,31.675952911376953,0.4173755645751953,0.002102099999319762,0.0006409999914467335
1806,0.5952765345573425,31.683408737182617,0.4229021966457367,0.0020969000179320574,0.000646200031042099
1807,0.563084065914154,31.690805435180664,0.42157691717147827,0.0021357000223360956,0.0006452000234276056
1808,0.6912193298339844,31.69828224182129,0.4167347550392151,0.0021075999829918146,0.0006455999682657421
1809,0.6663252711296082,31.70598602294922,0.4104972183704376,0.0025344000314362347,0.0007047000108286738
1810,0.662098228931427,31.71381950378418,0.40434402227401733,0.00228020001668483,0.0007211000192910433
1811,0.5391998887062073,31.721607208251953,0.40168681740760803,0.0021247999975457788,0.000653600029181689
1812,0.4960479736328125,31.729307174682617,0.40308642387390137,0.002130799985025078,0.0006397999823093414
1813,0.496854692697525,31.73716926574707,0.40844598412513733,0.002122500038240105,0.0006516000139527023
1814,0.5318634510040283,31.745330810546875,0.4069257080554962,0.0021545999916270375,0.000638800032902509
1815,0.6262537837028503,31.753305435180664,0.4064904451370239,0.002167200029361993,0.0007921999786049128
1816,0.5484862923622131,31.761091232299805,0.4060433804988861,0.0021801000111736357,0.0006468999781645834
1817,0.49293041229248047,31.768817901611328,0.4030548930168152,0.0021237999899312854,0.0006532999686896801
1818,0.448513925075531,31.77649688720703,0.3995346426963806,0.0021169999963603914,0.0006505000055767596
1819,0.5473638772964478,31.784526824951172,0.39812833070755005,0.0021462999866344035,0.0006453999667428434
1820,0.596832811832428,31.792476654052734,0.41027477383613586,0.0022456999868154526,0.0006372000207193196
1821,0.6724382042884827,31.800312042236328,0.4245784878730774,0.0024343000259250402,0.0008098999969661236
1822,0.5789349675178528,31.807832717895508,0.4481812119483948,0.002140600001439452,0.0006526000215671957
1823,0.6391252279281616,31.8154296875,0.458918958902359,0.00211430003400892,0.0006425000028684735
1824,0.6219061613082886,31.823036193847656,0.4507021903991699,0.0021083999890834093,0.0006552000413648784
1825,0.6798875331878662,31.830472946166992,0.4441414475440979,0.002141200006008148,0.0006664999527856708
1826,0.47411400079727173,31.83781623840332,0.4369538128376007,0.0022193000186234713,0.000637599965557456
1827,0.5065030455589294,31.84510612487793,0.43521201610565186,0.0021133999689482152,0.0006582000060006976
1828,0.642535388469696,31.852441787719727,0.43072837591171265,0.002121400029864162,0.0006414999952539802
1829,0.5370826125144958,31.85985565185547,0.4195690453052521,0.0021142999758012593,0.000640300044324249
1830,0.5914189219474792,31.86732292175293,0.41416195034980774,0.002113300026394427,0.0006404999876394868
1831,0.3984019160270691,31.87484359741211,0.41456037759780884,0.002152599976398051,0.0006341999978758395
1832,0.4786188304424286,31.882734298706055,0.42770466208457947,0.0022615999914705753,0.0006387999746948481
1833,0.646428644657135,31.890493392944336,0.4455850422382355,0.002158000017516315,0.0006992000271566212
1834,0.5467935800552368,31.897993087768555,0.45367372035980225,0.0021206000237725675,0.0006413999944925308
1835,0.5419014692306519,31.905467987060547,0.4533223509788513,0.0021135000279173255,0.0006405000458471477
1836,0.6151715517044067,31.912921905517578,0.4424738883972168,0.0021126000210642815,0.0006313000340014696
1837,0.5689100027084351,31.920236587524414,0.4306817948818207,0.0021167999948374927,0.0006403999868780375
1838,0.5045387744903564,31.92750358581543,0.41657501459121704,0.002166300022508949,0.0006628000410273671
1839,0.43562614917755127,31.935039520263672,0.40801265835762024,0.0021140999742783606,0.0006393999792635441
1840,0.5541120767593384,31.942550659179688,0.40819060802459717,0.0021274000173434615,0.0006422000005841255
1841,0.6063786745071411,31.949981689453125,0.40577077865600586,0.0021180000039748847,0.0006562999915331602
1842,0.6558625102043152,31.95743179321289,0.4029296338558197,0.0021034000092186034,0.0006402999861165881
1843,0.6551982164382935,31.964900970458984,0.40162235498428345,0.00212749995989725,0.0006483999895863235
1844,0.40829411149024963,31.972427368164062,0.4034802317619324,0.002448400016874075,0.0006468999781645834
1845,0.6074651479721069,31.979991912841797,0.410635769367218,0.002117800002451986,0.0006581000052392483
1846,0.5045273303985596,31.98745346069336,0.421774297952652,0.002134400012437254,0.0006416999967768788
1847,0.5872751474380493,31.9954891204834,0.42934927344322205,0.0021143999765627086,0.0006412999937310815
1848,0.7582123279571533,32.003360748291016,0.4330703318119049,0.0021037000115029514,0.0006387999746948481
1849,0.7504258751869202,32.01092529296875,0.4249188005924225,0.0021575999562628567,0.0006588000105693936
1850,0.6019927859306335,32.018123626708984,0.4075520634651184,0.0021982999751344323,0.0006930999807082117
1851,0.5359717011451721,32.025150299072266,0.401534765958786,0.002137300034519285,0.0006412999937310815
1852,0.5581937432289124,32.03216552734375,0.39652958512306213,0.002133800007868558,0.0006406999891623855
1853,0.6566507816314697,32.039180755615234,0.4055154621601105,0.002147099992725998,0.0006438000127673149
1854,0.5308154225349426,32.0462646484375,0.4277038872241974,0.0023343999637290835,0.0006488999933935702
1855,0.6147951483726501,32.053367614746094,0.4629723131656647,0.0022010999964550138,0.0006510000093840063
1856,0.4591802954673767,32.06034469604492,0.46947234869003296,0.0022843999904580414,0.0006972000119276345
1857,0.43512600660324097,32.067195892333984,0.46678581833839417,0.0021137999719940126,0.0006446000188589096
1858,0.499777615070343,32.073944091796875,0.45098191499710083,0.0021487000049091876,0.0006389000336639583
1859,0.5920000672340393,32.081214904785156,0.4259851574897766,0.002115999988745898,0.0006364000146277249
1860,0.5045037269592285,32.0887336730957,0.4129880666732788,0.0021160999895073473,0.0006413999944925308
1861,0.49551549553871155,32.09653854370117,0.3951674699783325,0.0022835999843664467,0.0006404999876394868
1862,0.5227968692779541,32.10447692871094,0.3746175765991211,0.002179600007366389,0.0007275000098161399
1863,0.45109376311302185,32.11267852783203,0.37125033140182495,0.002130500040948391,0.0006311999750323594
1864,0.4833911955356598,32.12098693847656,0.3777600824832916,0.002188800019212067,0.0006361000123433769
1865,0.4976727366447449,32.12919235229492,0.3888337016105652,0.0021897999686188996,0.0007006999803707004
1866,0.5752989649772644,32.13728332519531,0.3946608006954193,0.002126400009728968,0.0006393999792635441
1867,0.602925181388855,32.14547348022461,0.3884643018245697,0.002270700002554804,0.0006376000237651169
1868,0.6264501810073853,32.15366744995117,0.36849939823150635,0.0021465999889187515,0.0007123000104911625
1869,0.6028961539268494,32.1615104675293,0.33935657143592834,0.0021624999935738742,0.000632300041615963
1870,0.579745352268219,32.16923522949219,0.32657957077026367,0.0021455000387504697,0.000706199964042753
1871,0.6344538331031799,32.17683410644531,0.3265458643436432,0.002120100019965321,0.0006426000036299229
1872,0.49598464369773865,32.18434524536133,0.3345891833305359,0.0021300000371411443,0.0006328999879769981
1873,0.5772465467453003,32.19185256958008,0.3410668969154358,0.002131399989593774,0.000645600026473403
1874,0.6346174478530884,32.199520111083984,0.34420329332351685,0.0021131999674253166,0.0006391999777406454
1875,0.5626538395881653,32.20694351196289,0.3385990858078003,0.002183800039347261,0.0006408999906852841
1876,0.4691076874732971,32.21434783935547,0.33073845505714417,0.0021160999895073473,0.0006494999979622662
1877,0.5789600014686584,32.221588134765625,0.3289986848831177,0.0021140999742783606,0.0006337999948300421
1878,0.4342503845691681,32.22877502441406,0.3355310261249542,0.0021271000150591135,0.000637899967841804
1879,0.4841882884502411,32.235897064208984,0.3417728841304779,0.002237899985630065,0.0006605000235140324
1880,0.5585918426513672,32.243038177490234,0.34903839230537415,0.002126900013536215,0.0006466999766416848
1881,0.7121157050132751,32.25008010864258,0.3583538234233856,0.0021183000062592328,0.0006469999789260328
1882,0.6359440088272095,32.2569465637207,0.34942853450775146,0.002119299955666065,0.0006353000062517822
1883,0.5893659591674805,32.263851165771484,0.3382113575935364,0.002119600016158074,0.0006336999940685928
1884,0.5037595629692078,32.270774841308594,0.33740514516830444,0.0021229999838396907,0.0006412999937310815
1885,0.49604207277297974,32.277549743652344,0.33468878269195557,0.0023665999760851264,0.0006659000064246356
1886,0.8065651059150696,32.284576416015625,0.33461493253707886,0.0021234999876469374,0.0006673000170849264
1887,0.39911147952079773,32.291473388671875,0.33023643493652344,0.0021153000416234136,0.0006480999873019755
1888,0.4802000820636749,32.298423767089844,0.32472506165504456,0.002121300029102713,0.0006378000252880156
1889,0.6192256808280945,32.305362701416016,0.3198617994785309,0.002207699988503009,0.0006531000253744423
1890,0.5791213512420654,32.312530517578125,0.317577064037323,0.002144399972166866,0.000637899967841804
1891,0.8726951479911804,32.31978988647461,0.31863653659820557,0.0022108000121079385,0.0006992000271566212
1892,0.7350922226905823,32.3270378112793,0.3185866177082062,0.00214379996759817,0.0006557000451721251
1893,0.6207550764083862,32.33415603637695,0.32041051983833313,0.0021089999936521053,0.0006385999731719494
1894,0.4758839011192322,32.34110641479492,0.3248039782047272,0.0021183000062592328,0.0006376000237651169
1895,0.595440685749054,32.34791946411133,0.3254942297935486,0.0021454000379890203,0.0006417999975383282
1896,0.5919697284698486,32.35469055175781,0.32049742341041565,0.002279200009070337,0.000638800032902509
1897,0.577398419380188,32.36159896850586,0.3190489113330841,0.0021826999727636576,0.000734600005671382
1898,0.6659875512123108,32.368507385253906,0.3275071680545807,0.0022256000083871186,0.0006388999754562974
1899,0.497689813375473,32.375457763671875,0.3423938453197479,0.0021444999729283154,0.0006584000075235963
1900,0.5688614249229431,32.38239288330078,0.3541533946990967,0.002126300008967519,0.0006406999891623855
1901,0.5598506927490234,32.3895378112793,0.3560638725757599,0.0021189000108279288,0.0006416999967768788
1902,0.5414520502090454,32.39655303955078,0.3541896939277649,0.0021649000118486583,0.0006410999922081828
1903,0.5387459993362427,32.40381622314453,0.35342612862586975,0.0021313000470399857,0.0006592999561689794
1904,0.5277297496795654,32.411067962646484,0.3544613718986511,0.002111899957526475,0.0006355000077746809
1905,0.48965051770210266,32.41861343383789,0.3636631667613983,0.0021013999939896166,0.0006394999800249934
1906,0.5298033952713013,32.42656326293945,0.3589346408843994,0.002118100004736334,0.0006363000138662755
1907,0.6251842379570007,32.43461227416992,0.35487380623817444,0.00210829998832196,0.0006433000089600682
1908,0.5384594202041626,32.4424934387207,0.35570937395095825,0.002141400007531047,0.0006320999818854034
1909,0.5494240522384644,32.45022201538086,0.3608255982398987,0.0021223000367172062,0.0006429000059142709
1910,0.4685388505458832,32.457923889160156,0.35805803537368774,0.002130800043232739,0.0006454000249505043
1911,0.6006008982658386,32.4662971496582,0.3519881069660187,0.002100599987898022,0.0006468999781645834
1912,0.6529428362846375,32.474491119384766,0.34569746255874634,0.0021167999948374927,0.0006424000021070242
1913,0.5762397050857544,32.482234954833984,0.3439977765083313,0.0021155999857001007,0.0006439000135287642
1914,0.5111247897148132,32.489837646484375,0.3449975550174713,0.002217700006440282,0.0006366000161506236
1915,0.4922235310077667,32.497257232666016,0.34629732370376587,0.0021417999523691833,0.0006902000168338418
1916,0.4993630647659302,32.504966735839844,0.3392253518104553,0.0021215000306256115,0.0006358000100590289
1917,0.629990816116333,32.51279067993164,0.3311096429824829,0.002097400021739304,0.0006390000344254076
1918,0.37125158309936523,32.52027893066406,0.33314248919487,0.0021096999989822507,0.0006402000435627997
1919,0.484435498714447,32.52788543701172,0.3382110595703125,0.0021026000031270087,0.0006361000123433769
1920,0.5394455194473267,32.53548049926758,0.3458941578865051,0.00213500001700595,0.0006331999902613461
1921,0.6212974786758423,32.54296112060547,0.35881346464157104,0.0021128999651409686,0.0006537000299431384
1922,0.4957869052886963,32.550376892089844,0.36925849318504333,0.0021103000035509467,0.0006391999777406454
1923,0.4719386398792267,32.55807876586914,0.3693304657936096,0.002104999963194132,0.0006416999967768788
1924,0.556402325630188,32.5655517578125,0.371538907289505,0.002104200015310198,0.0006420999998226762
1925,0.526508092880249,32.573001861572266,0.36131399869918823,0.002135200018528849,0.0006337999948300421
1926,0.46927523612976074,32.580570220947266,0.3575829565525055,0.0022570000146515667,0.0006417999975383282
1927,0.5941129922866821,32.58796310424805,0.36244717240333557,0.002138499985449016,0.0006923999753780663
1928,0.5028742551803589,32.59515380859375,0.3743116557598114,0.0021495999535545707,0.0006374999647960067
1929,0.6641724109649658,32.60219955444336,0.3842468857765198,0.0021229000412859023,0.0006353000062517822
1930,0.7008888721466064,32.60907745361328,0.3812785744667053,0.0021247999975457788,0.0006441000150516629
1931,0.4538109302520752,32.615867614746094,0.3715529441833496,0.002121400029864162,0.0006476999842561781
1932,0.463035523891449,32.62278747558594,0.36197975277900696,0.0023332000127993524,0.0006504000048153102
1933,0.5633611679077148,32.62980651855469,0.3595510721206665,0.002144999976735562,0.0006564999930560589
1934,0.5203117728233337,32.637123107910156,0.3694111406803131,0.0021102000027894974,0.0006422000005841255
1935,0.6222953200340271,32.64445877075195,0.3829064667224884,0.0021106000058352947,0.0006446000188589096
1936,0.5757668018341064,32.6515007019043,0.3779056668281555,0.0021294000325724483,0.0006379000260494649
1937,0.4260827302932739,32.65842819213867,0.3709767162799835,0.0021213999716565013,0.0006345000001601875
1938,0.5372679829597473,32.66533279418945,0.3584657907485962,0.002276599989272654,0.0006623999797739089
1939,0.5151583552360535,32.67204284667969,0.34261903166770935,0.0021419000113382936,0.0006468999781645834
1940,0.62660813331604,32.67876052856445,0.3338437080383301,0.002114200033247471,0.0006389000336639583
1941,0.494949072599411,32.685630798339844,0.33759206533432007,0.0021018999977968633,0.0006379000260494649
1942,0.5606299042701721,32.6924934387207,0.35994580388069153,0.0021161999902687967,0.0006350000039674342
1943,0.5558497309684753,32.69929504394531,0.40737369656562805,0.0021225999807938933,0.0006475999834947288
1944,0.3925304114818573,32.70636749267578,0.42925286293029785,0.002130800043232739,0.0006531000253744423
1945,0.4747878909111023,32.71364974975586,0.39629247784614563,0.0021249999990686774,0.0006390999769791961
1946,0.48563581705093384,32.72108840942383,0.36611154675483704,0.0021132000256329775,0.0006391999777406454
1947,0.54439777135849,32.72848892211914,0.34548965096473694,0.0021096999989822507,0.0006302999681793153
1948,0.43050482869148254,32.73601531982422,0.3432515263557434,0.0021079000434838235,0.0006447000196203589
1949,0.5395223498344421,32.743804931640625,0.35267776250839233,0.0021253000013530254,0.0006396999815478921
1950,0.4705822765827179,32.75140380859375,0.3715096116065979,0.002254699997138232,0.0006892000092193484
1951,0.5692768692970276,32.75893020629883,0.4055684804916382,0.002122200035955757,0.0006465999758802354
1952,0.4329904317855835,32.766502380371094,0.43046388030052185,0.0021223999792709947,0.0006330999894998968
1953,0.5920975208282471,32.774017333984375,0.44029700756073,0.00211870000930503,0.0006362999556586146
1954,0.4931351840496063,32.78117370605469,0.4372721314430237,0.00211719999788329,0.0006482999888248742
1955,0.5339245200157166,32.788265228271484,0.4257030487060547,0.0021474999957717955,0.0006405999884009361
1956,0.5414470434188843,32.79539489746094,0.3983805179595947,0.002136400027666241,0.0006550999823957682
1957,0.4329849183559418,32.80259704589844,0.36881235241889954,0.0021141000324860215,0.0006339999963529408
1958,0.38000598549842834,32.81003189086914,0.347866952419281,0.0021134999697096646,0.0006340999971143901
1959,0.4111693203449249,32.81749725341797,0.340371310710907,0.0021215999731794,0.0006386999739333987
1960,0.5256335735321045,32.82490539550781,0.34153854846954346,0.0021484000026248395,0.000643499952275306
1961,0.5185041427612305,32.832401275634766,0.3531203269958496,0.0021561000030487776,0.0006471999804489315
1962,0.4168989956378937,32.83990478515625,0.35668662190437317,0.0022548999986611307,0.0007263000006787479
1963,0.5303308963775635,32.84733200073242,0.34977030754089355,0.002159999974537641,0.0006562999915331602
1964,0.3756357431411743,32.85469436645508,0.33828648924827576,0.002124299993738532,0.0006470999796874821
1965,0.4492870569229126,32.861942291259766,0.33687201142311096,0.0021345000131987035,0.0006570999976247549
1966,0.5591888427734375,32.869075775146484,0.3323223292827606,0.0021186000085435808,0.0006496999994851649
1967,0.5010958313941956,32.87596893310547,0.32903385162353516,0.0024541000020690262,0.0006379999686032534
1968,0.435426265001297,32.88276290893555,0.33030828833580017,0.002313799981493503,0.0007167999865487218
1969,0.5935049653053284,32.889713287353516,0.3344951868057251,0.0022464999929070473,0.0007787999929860234
1970,0.6765413880348206,32.89669418334961,0.3314351439476013,0.002155299996957183,0.000652400020044297
1971,0.4258079528808594,32.903350830078125,0.33530035614967346,0.0021421000128611922,0.0006366000161506236
1972,0.47675320506095886,32.91018295288086,0.33910852670669556,0.0021382999839261174,0.0006427000043913722
1973,0.5050082206726074,32.91707992553711,0.3313515782356262,0.002236700034700334,0.0006418999982997775
1974,0.3202072083950043,32.92369842529297,0.32295501232147217,0.002139299991540611,0.000658300006762147
1975,0.40947115421295166,32.93039321899414,0.3165740370750427,0.0021206000237725675,0.0006425000028684735
1976,0.3914029896259308,32.937015533447266,0.30807721614837646,0.002147999999579042,0.0006432000081986189
1977,0.4672480523586273,32.94358825683594,0.3013441562652588,0.002151500026229769,0.0006377000245265663
1978,0.45274537801742554,32.95024108886719,0.2983589172363281,0.0021448000334203243,0.0006452000234276056
1979,0.5639645457267761,32.95692443847656,0.29965341091156006,0.002277499996125698,0.0006473999819718301
1980,0.5185486674308777,32.96347427368164,0.30327874422073364,0.0022333000088110566,0.0007954000029712915
1981,0.47184425592422485,32.970088958740234,0.31052762269973755,0.002178399998228997,0.0006473000394180417
1982,0.5079414248466492,32.9769401550293,0.3125353753566742,0.0021397999953478575,0.0006419999990612268
1983,0.6021008491516113,32.98389434814453,0.3090072572231293,0.00211859995033592,0.0006347000016830862
1984,0.4241923987865448,32.99094009399414,0.2958948016166687,0.002141399949323386,0.0006547999801114202
1985,0.5243710279464722,32.99806213378906,0.28739169239997864,0.0022407000069506466,0.0006744000129401684
1986,0.5669789910316467,33.00517272949219,0.28524044156074524,0.002174900029785931,0.0006509000086225569
1987,0.3658909797668457,33.012264251708984,0.2936346232891083,0.002174900029785931,0.0006369000184349716
1988,0.5651310682296753,33.01942443847656,0.3106849491596222,0.002126900013536215,0.0006431000074371696
1989,0.6400052905082703,33.02642822265625,0.32459375262260437,0.002147400053218007,0.0006465999758802354
1990,0.5538454055786133,33.033084869384766,0.32556119561195374,0.002147699997294694,0.0006441000150516629
1991,0.5357164740562439,33.03953170776367,0.3228817880153656,0.0021728999563492835,0.0006491999956779182
1992,0.41590389609336853,33.046630859375,0.31248319149017334,0.0021317999926395714,0.0006400999845936894
1993,0.6246419548988342,33.05398941040039,0.30100736021995544,0.002131699991878122,0.0006375000230036676
1994,0.3966858386993408,33.06133270263672,0.3048742115497589,0.0021195999579504132,0.0006461999728344381
1995,0.43625205755233765,33.06875228881836,0.32939350605010986,0.002139099990017712,0.0006597000174224377
1996,0.4248128831386566,33.076210021972656,0.3803192675113678,0.0021436000242829323,0.0006632999866269529
1997,0.38766977190971375,33.08344268798828,0.4384874701499939,0.0021891999640502036,0.0006864000461064279
1998,0.5804836750030518,33.09080505371094,0.4930897653102875,0.0021355999633669853,0.0006382999708876014
1999,0.4888068437576294,33.0980224609375,0.443715900182724,0.0021240999922156334,0.0006427000043913722
2000,0.529085636138916,33.105289459228516,0.4059818387031555,0.0021307000424712896,0.0006371000199578702
2001,0.5360316634178162,33.11248779296875,0.3564527928829193,0.002132299996446818,0.0006323999841697514
2002,0.4807608425617218,33.1196174621582,0.3253161609172821,0.002190000028349459,0.0006405999884009361
2003,0.6762440800666809,33.127201080322266,0.3181563913822174,0.002155299996957183,0.0007130000158213079
2004,0.8101211190223694,33.134822845458984,0.32254207134246826,0.0021581000182777643,0.0006464000325649977
2005,0.42134106159210205,33.14219665527344,0.33033061027526855,0.0021437000250443816,0.0006406999891623855
2006,0.5213465094566345,33.14948654174805,0.3289734423160553,0.002137000032234937,0.000639400037471205
2007,0.411140114068985,33.15666198730469,0.32113510370254517,0.0021518999710679054,0.0006415999960154295
2008,0.45762860774993896,33.16364288330078,0.29884961247444153,0.002381299971602857,0.0006450999644584954
2009,0.4166931211948395,33.17083740234375,0.2764495313167572,0.0022006999934092164,0.0009398999973200262
2010,0.35611197352409363,33.17786407470703,0.26624631881713867,0.00217489997157827,0.0006343999993987381
2011,0.5296844244003296,33.18501281738281,0.2631208002567291,0.0021044000168330967,0.0006399999838322401
2012,0.5323444604873657,33.192039489746094,0.2657772898674011,0.002133400004822761,0.0006406999891623855
2013,0.6629748940467834,33.19919967651367,0.2695484757423401,0.002140299999155104,0.0006733000045642257
2014,0.5668341517448425,33.2061653137207,0.279434472322464,0.0021711000008508563,0.0006636999896727502
2015,0.48022323846817017,33.21303939819336,0.2858315706253052,0.002142300014384091,0.0006469000363722444
2016,0.41277316212654114,33.22010040283203,0.27730047702789307,0.0021296999766491354,0.0006367000169120729
2017,0.4466160833835602,33.22743225097656,0.26675325632095337,0.0021295000333338976,0.0006336999940685928
2018,0.34663739800453186,33.234622955322266,0.2589956521987915,0.002134000009391457,0.0006402999861165881
2019,0.5804227590560913,33.24166488647461,0.25786036252975464,0.0021253000013530254,0.0006408999906852841
2020,0.4994257986545563,33.24856185913086,0.2599828839302063,0.002251800033263862,0.0006522999610751867
2021,0.5502490401268005,33.2553596496582,0.2636685073375702,0.0021492000087164342,0.0006611000280827284
2022,0.4601556360721588,33.26187515258789,0.26939526200294495,0.0021606000373139977,0.0006395999807864428
2023,0.402935653924942,33.26849365234375,0.27615514397621155,0.0021590999676845968,0.0006346000009216368
2024,0.4010223150253296,33.27511978149414,0.28768640756607056,0.002136699971742928,0.0006439999560825527
2025,0.46537458896636963,33.281951904296875,0.3032030165195465,0.0021458000410348177,0.0006419999990612268
2026,0.49127405881881714,33.28872299194336,0.3189709186553955,0.002127800020389259,0.0006489999941550195
2027,0.43083763122558594,33.29545211791992,0.32168737053871155,0.0021259000059217215,0.0006403999868780375
2028,0.3802199959754944,33.302085876464844,0.3128066062927246,0.0021240999922156334,0.0006350000039674342
2029,0.4757493734359741,33.308692932128906,0.3060738146305084,0.002129899978172034,0.0006383000290952623
2030,0.44763264060020447,33.315147399902344,0.2988874316215515,0.002148800005670637,0.0006441000150516629
2031,0.4955345690250397,33.32193374633789,0.2987844944000244,0.0021752999746240675,0.0006436000112444162
2032,0.4204118847846985,33.328453063964844,0.29959550499916077,0.0022797000128775835,0.0006645999965257943
2033,0.46205830574035645,33.3350715637207,0.296257883310318,0.002217500004917383,0.0006823000148870051
2034,0.47513362765312195,33.34151840209961,0.29113128781318665,0.0021619999897666276,0.0006735000060871243
2035,0.4155767858028412,33.3481330871582,0.29034215211868286,0.0021465999889187515,0.0006461000302806497
2036,0.48238033056259155,33.354637145996094,0.29035884141921997,0.002137299976311624,0.0006441000150516629
2037,0.676109254360199,33.36094284057617,0.29271480441093445,0.0021749999723397195,0.0006380000268109143
2038,0.4178791046142578,33.367164611816406,0.2978900969028473,0.0022973999730311334,0.0006698999786749482
2039,0.43567946553230286,33.37339782714844,0.30441632866859436,0.002191200037486851,0.0006917999708093703
2040,0.5519077181816101,33.3795051574707,0.307989239692688,0.002159699972253293,0.0006379000260494649
2041,0.5411148071289062,33.38565444946289,0.31941890716552734,0.0021426999592222273,0.0006468999781645834
2042,0.5142733454704285,33.39188766479492,0.3189375698566437,0.0021903999731875956,0.0006484999903477728
2043,0.5196142196655273,33.39812469482422,0.3154635429382324,0.0022332000080496073,0.0006478999857790768
2044,0.3975255489349365,33.40449142456055,0.30908074975013733,0.0023045000270940363,0.0007208000170066953
2045,0.48973631858825684,33.410888671875,0.29671356081962585,0.0021624999935738742,0.0006526000215671957
2046,0.39074018597602844,33.41749572753906,0.2823978662490845,0.0021455000387504697,0.0006468999781645834
2047,0.40534406900405884,33.424137115478516,0.2762788236141205,0.0021427000174298882,0.0006461000302806497
2048,0.4948076903820038,33.430728912353516,0.28110238909721375,0.0021465999889187515,0.0006550000398419797
