step,ipr_u1,ipr_u2,ipr_w,erank_w1,erank_w2,w1_norm,w2_norm,sv1_0,sv2_0,sv1_1,sv2_1,sv1_2,sv2_2,sv1_3,sv2_3,sv1_4,sv2_4
0,0.040735951637306145,0.04010777570491066,0.040500116309834286,139.0554422896677,81.11975280916292,1.0023535693765804,0.998861993495237,35.86413479212756,31.89225145155409,35.535001178070935,31.053384478223514,35.38759461965741,30.886356167609783,34.900475055029546,30.299214858229366,34.78574383598283,30.120977300764068
100,0.040739957203705233,0.04010508740057134,0.04049855512975401,139.05762017786236,81.07664637808863,1.003090175639116,0.999610735427929,35.89659340544964,31.874514987625346,35.555458506038015,31.320726580279636,35.41557723462616,30.959289196501032,34.9473346501379,30.393574308467894,34.80335081590542,30.10776297134783
200,0.040743607095196886,0.04010200283382244,0.04086629600830943,139.05071854945461,80.73216582901469,1.0058697000504626,1.002408630634274,36.00219046666345,33.36082208148512,35.65075185621015,31.845184815311924,35.51731253446589,30.952497637378887,35.0695778949101,30.52563068573617,34.89422469942813,30.111524761857762
300,0.04074692738982526,0.0400986084596698,0.04188103826255954,139.03558890815134,79.48811413956989,1.010467352761434,1.00703003895279,36.17308527305897,38.161984389476174,35.812487020315785,31.85600089698546,35.684584821330446,30.942989455930217,35.25894333352634,30.604026450382563,35.05051408616551,30.12445043009922
400,0.04074996145282232,0.04009500591811093,0.04385484875871643,139.01271724221348,76.69442859913136,1.01668489886857,1.013275912408707,36.40244645858913,44.46846976788165,36.03345320630742,31.871042241898774,35.91015570093055,30.939797580090175,35.50819051483604,30.656874226409627,35.26525760806735,30.146382412539996
500,0.04075276105661945,0.040091303663399115,0.04704377905746101,138.98240279808394,72.0185226478291,1.0243400903441933,1.0209632198663832,36.68404689983916,51.3401508869875,36.30718642614621,31.89365489338398,36.187364820521374,30.944261590012626,35.81064154990061,30.705536894874843,35.532028789164904,30.17852467364325
600,0.040755379303162594,0.04008760918618892,0.05159520583602555,138.9448966145682,65.68529837467412,1.0332591319566717,1.029917410617875,37.01197154323296,58.37377770951735,36.627649786752805,31.924232637092203,36.5098581553301,30.956940669602865,36.159850580786724,30.757874047443856,35.8446915678265,30.221578856033727
700,0.040757862128324815,0.040084023382680474,0.057528678679777824,138.90051038044047,58.39527169681815,1.0432715219110944,1.0399672599511731,37.380413964686475,65.37549841096838,36.9889895694859,31.96308291168181,36.871435772438765,30.978304034022496,36.54937227655657,30.817355359793634,36.197232282518094,30.275453886912622
800,0.04076024474619244,0.040080633926943846,0.06474196692496453,138.8496990269268,50.984500404633984,1.054206921319639,1.0509417288452705,37.78354313207134,72.23599712872273,37.385349736997135,32.010589261973664,37.266009372793945,31.008858987505256,36.97259182061167,30.885932104250276,36.58366497566529,30.339725765752068
900,0.04076254547610752,0.0400775102668382,0.07303305043156848,138.7931168132874,44.10578312583768,1.0658938692548767,1.062668701192363,38.215442945408434,78.88356142596938,37.81075667377632,32.06721351103637,37.687656313822124,31.049203015683972,37.42262433380808,30.96494346113103,36.99799764596512,30.41407934148668
1000,0.04076476264438449,0.0400746998094757,0.08212986376540882,138.73164226531978,38.110432004749796,1.0781602305650102,1.0749754303835466,38.670114173907486,85.26481198674749,38.25909082190662,32.1334877167273,38.13073217501679,31.10013517695114,37.89226213339338,31.0553456161507,37.434255113330764,30.498432726192977
1100,0.040766872791331524,0.040072225124074365,0.0917215776119576,138.6663783859398,33.0959771560171,1.0908351795138795,1.087690536148017,39.14153145042478,91.33645964943018,38.724164290012624,32.20999853158673,38.58998844827613,31.16601883756547,38.37400059094629,31.154483844057317,37.88654782939885,30.59290348658826
1200,0.04076882997533466,0.04007008205160863,0.10148723227785121,138.5986167767255,29.008186888340354,1.103752547578478,1.1006473777376578,39.62375753389456,97.061938366595,39.199885659869366,32.29738053773084,39.06060680401549,31.277194903810553,38.86023100558078,31.233722814943793,38.34918028558167,30.69777040172362
1300,0.040770567579300504,0.04006824117586473,0.11111939106359889,138.52977709464025,25.726795696338854,1.1167551029268379,1.1136883020630706,40.1110968933363,102.41035962718955,39.68047713076924,32.39630603284898,39.53797670014343,31.408234293604618,39.34374943372347,31.320191831671927,38.816778246880276,30.81346023942976
1400,0.04077200128191143,0.04006664932287838,0.12034176844890988,138.46132909877593,23.11727737248614,1.1296992928678065,1.1266694409182978,40.59826943509159,107.35656531825354,40.16068579418619,32.50748291569639,40.0172429999864,31.554847976612894,39.818550254198726,31.419854470403994,39.28441317856841,30.940578685088926
1500,0.04077303385167114,0.04006523439824008,0.12892078807665883,138.3946969541206,21.055581079866727,1.1424598499180856,1.139465288695219,41.08058852640056,111.88159987035131,40.63597607690658,32.6316527333154,40.493118799594605,31.717602470367364,40.28037231965721,31.53374661975672,39.747703891749374,31.079972474943457
1600,0.040773561791335025,0.040063911327494574,0.13667158616011427,138.33117005698003,19.436900822474247,1.1549337073797334,1.1519726287649603,41.554117180830985,115.97321591892776,41.10265101062338,32.76959360921354,40.96038736345969,31.897124103308997,40.72653662617661,31.66272485099283,40.20288960320918,31.232813760059628
1700,0.04077348178667063,0.040062587763132686,0.14345934231181423,138.27182066873021,18.176627729477154,1.1670427258511753,1.1641132560490175,42.01578460417075,119.62615634465837,41.557900167716575,32.92213561358554,41.41467952728487,32.09393891026405,41.155441388904826,31.807574087879235,40.6468694266128,31.40067087937454
1800,0.04077269565340601,0.04006117156582984,0.1491970091228698,138.21744847211383,17.208135195736443,1.178734912436202,1.1758351755110326,42.463446693571655,122.8420891182371,41.9997809125395,33.09017915027279,41.85295030647936,32.30842452297859,41.56625564023382,31.969010189633195,41.077230158501266,31.58547875209053
1900,0.040771116913507724,0.040059575682370466,0.1538404963350406,138.16854725707688,16.479692002434064,1.1899840501818144,1.1871122400819052,42.8958879083833,125.62915329563042,42.42717447561597,33.274730050093,42.273563650301284,32.54076791245867,41.958842588671416,32.147686349238754,41.492275076969,31.789313810985224
2000,0.04076867255698641,0.0400577219822139,0.1573823507589459,138.12530233688034,15.951480201746357,1.2007879197346392,1.1979423325227263,43.31277367510025,128.00116267318694,42.839742614298,33.47695182242282,42.67615075679562,32.790921915159075,42.33375963864645,32.3442307783544,41.89105837894041,32.013972221935916
2100,0.04076530575225166,0.04005554471815769,0.15984478573130845,138.08761100848994,15.593063896825385,1.2111653383227243,1.2083444379175314,43.7145561995627,129.97655345999328,43.23788432292358,33.69823114773083,43.061366250468886,33.058548114187396,42.692224841481234,32.559316864896495,42.27338954917012,32.26057377974039
2200,0.04076097557696609,0.040052990768202255,0.1612727586193067,138.05512150513522,15.381366224241907,1.2211525542895034,1.2183549707242818,44.102359028641494,131.57718969043577,43.622671596973774,33.94025286229916,43.43064209573139,33.34295944288018,43.03604438881793,32.7937989056573,42.63981063842049,32.52941136138978
2300,0.04075565529086406,0.04005001915240387,0.16172759640013848,138.02728182409732,15.299103013795479,1.2307992903580618,1.2280238598583926,44.477847600393325,132.8271544281789,43.995747503108234,34.20505837318189,43.785971746354,33.64308805947068,43.36750199467995,33.04896407756487,42.99150983594839,32.81995011260756
2400,0.04074933033755686,0.04004660000123292,0.16128145796572546,138.00339346795676,15.333593856904672,1.2401649299047817,1.2374106804138771,44.843102848351364,133.75161135650112,44.35919711126118,34.49499837467799,44.129733704906634,33.95755042817281,43.689228944844274,33.32701427448326,43.33020084708748,33.13063085854356
2500,0.04074199546901997,0.04004271165614715,0.16001278304718228,137.9826603141408,15.475869104306074,1.249315034200201,1.246581193263436,45.200504097154116,134.3758181376966,44.715419678788116,34.812496214346716,44.4645562472026,34.28491575478884,44.00407091485322,33.631795842360525,43.65799567136952,33.458329605498164
2600,0.040733651982875256,0.04003833939329919,0.15800273253640035,137.96423255268272,15.720004986935855,1.2583184404671557,1.255604425559861,45.55262473872126,134.7243242334966,45.06700742159058,35.1595843294892,44.793205124021924,34.62420473445874,44.314951456711896,33.96872570589239,43.977286879696535,33.798501458898244
2700,0.04072430565032684,0.04003347222454359,0.1553325647423077,137.9472416072854,16.062630702549367,1.2672449428835344,1.2645503433645628,45.902146084645636,134.82036519258648,45.41664420294733,35.53742317263154,45.11849767910995,34.97540731472042,44.624751581856984,34.34153471497304,44.2906667739457,34.148443698396825
2800,0.04071396359805244,0.04002810179625571,0.15208180556995393,137.930826126389,16.502565911238054,1.2761636109915275,1.273488182558238,46.251794083862116,134.68544790193758,45.767030206408435,35.94617017647545,45.44323768954696,35.33968119502042,44.936209683067226,34.74923052990194,44.60086610956341,34.51028144163034
2900,0.04070263242685372,0.04002221973362877,0.148327086078568,137.914149414824,17.04055338965252,1.2851416674294236,1.282485315570891,46.60428855707876,134.3391008284574,46.12082793557601,36.385288458110125,45.77017249436285,35.719143820544055,45.25186219652546,35.18872360219014,44.91071163522136,34.888252633334936
3000,0.04069031832354952,0.04001581733612244,0.14414149493102305,137.89640780303066,17.679059728740633,1.2942438185159597,1.2916065869602606,46.96231358597272,133.7987625047632,46.48062571520722,36.85401880727221,46.10196107782936,36.116607938489835,45.574024473414596,35.65740286868783,45.22307981482992,35.28595676092465
3100,0.04067702522447885,0.04000888381723573,0.1395943131822464,137.87683677295178,18.422121568209985,1.303531991684534,1.300914042094158,47.32850082515997,133.07977858784795,46.84891871432591,37.35172278914275,46.441161106136335,36.53571159834786,45.90481123619301,36.15284077053415,45.54084518950372,35.70624939893193
3200,0.04066275447621129,0.0400014064617043,0.13475100207310275,137.8547099930038,19.27521751943811,1.3130653414781797,1.3104669459773812,47.705427176812954,132.1954761757589,47.228108271847496,37.87802846400878,46.790222531507624,36.98189173927136,46.246174268932236,36.67121521098714,45.86683212503291,36.15178682379827
3300,0.04064750539062445,0.03999336947282876,0.12967337093389208,137.82933548454378,20.245141248973923,1.3229004267477011,1.3203219621268594,48.095621284805844,131.15729460624203,47.62049771120285,38.43285251944845,47.15148891250749,37.46456783337862,46.599949651128654,37.20481740955219,46.203760717406,36.62527966553996
3400,0.0406312737539547,0.03998475435026022,0.12441983214282772,137.80005236934156,21.33985456357131,1.3330916038834706,1.3305335161836744,48.50157870792055,129.97495895029235,48.02830199861748,39.01637101972237,47.527206079995665,37.99707586543014,46.967898237860794,37.74203188188323,46.55421187756093,37.12912610088898
3500,0.04061405457342602,0.03997554019080309,0.11904567348928939,137.76622566498602,22.568295858895095,1.3436913778210988,1.3411541868175818,48.92577932254048,128.6566681618458,48.453652636974454,39.62897640266513,47.91952900399804,38.584894691612234,47.3517439512227,38.27913922816749,46.9205930994068,37.664451968940185
3600,0.0405958410059247,0.039965703098329586,0.11360332739016954,137.72723960402558,23.94010857875005,1.3547508674217434,1.3522351691392653,49.37071443086422,127.20930568372323,48.89860785162672,40.271237802561025,48.33053953355227,39.22010325243925,47.75319916417506,38.8259254126452,47.305125160241495,38.23056143955301
3700,0.040576625687635606,0.03995521810419349,0.10814256788326947,137.68249548400888,25.465256698821392,1.366320229462252,1.3638266724206483,49.83890259795947,125.6386483139542,49.365157010175544,40.94386805023673,48.76225698261826,39.89421293358697,48.17398669677066,39.39290703989175,47.70985172477954,38.825620910471166
3800,0.040556401996381296,0.03994405790668013,0.10271064706595967,137.63140797009152,27.153482097805494,1.3784490587903842,1.375978339143276,50.33291137034034,123.94958781433625,49.85522605326787,41.647693059348754,49.21665380343513,40.602787351734065,48.615851813478216,39.98675028419304,48.13666446256214,39.447740140722615
3900,0.04053516526344336,0.03993219493229688,0.09735232436166395,137.573405716462,29.013560364885592,1.3911867033627838,1.3887395682124462,50.85536862555258,122.14635341744794,50.37067613289306,42.38362171462125,49.695672807894276,41.343746258911466,49.080569679727546,40.61190276986029,48.58734950063909,40.095540894774
4000,0.04051291366784813,0.039919601729001115,0.09210979308352031,137.50793268877365,31.052318333392936,1.4045825140576937,1.4021597318371362,51.4089540375667,120.232733051733,50.91331451710499,43.15260624694224,50.20124250379508,42.116020256879146,49.56994549978112,41.27172998789477,49.06362967325929,40.76839607478926
4100,0.04048965040681352,0.039906251984718574,0.08702249815105983,137.43445727905998,33.27338122136633,1.418685985114312,1.416288357450681,51.99638252060045,118.21231387136903,51.48489876844533,43.95559974569839,50.73529095368457,42.918961652685375,50.08580606824936,41.96877137037958,49.567209933551844,41.46670986406367
4200,0.04046538579635863,0.039892121991234465,0.08212685147469176,137.35248025953376,35.675663797172035,1.4335467402822017,1.4311750918850714,52.620356777519206,116.08872173041101,52.08715204529485,44.79349551847189,51.29975349262964,43.75208266335931,50.629988632808,42.70465444432478,50.099806080189886,42.192213017636576
4300,0.04044013877110302,0.039877192545993256,0.0774558447441552,137.2615552297197,38.25166880489614,1.449214406026109,1.446869584307812,53.2834971307638,113.8658787551911,52.72177913088112,45.66705749926381,51.89657682854879,44.614931356079204,51.20432107277205,43.48009105248019,50.6631572821922,42.9480398179434
4400,0.04041393916518516,0.03986144992091896,0.07303859629418502,137.16130767537715,40.98573965119276,1.4657382643081955,1.463421114981453,53.98825927791085,111.54827216777294,53.39048277037549,46.5768370050574,52.52771103919185,45.507015146266646,51.810603588621355,44.29508145473619,51.25902575938797,43.73832177097333
4500,0.0403868308712077,0.03984488821132027,0.0688998417019372,137.05146712770346,43.85252897892554,1.48316670884301,1.480878075663935,54.736832390139625,109.14123683712191,54.09495977751718,47.52308464768311,53.19509078049815,46.42774844516778,52.45057680767645,45.14920985594228,51.889170539268534,44.567294982754895
4600,0.04035887354038221,0.039827510811016896,0.06505942219744801,136.93190279317056,46.81604024789322,1.501546477581835,1.4992871906216827,55.53104184999059,106.65124800490953,54.83688736641759,48.50565796363063,53.900601797685646,47.376392122665564,53.125892259881674,46.0418535399867,52.5553076650462,45.43818539015822
4700,0.04033014459868264,0.03980933332245123,0.06153180685242119,136.80266589718403,49.82967826154369,1.520921606894326,1.5186924775478408,56.37224306803612,104.08621204505411,55.61788044487221,49.52394861082717,54.64602760014741,48.351981035274896,53.83807628510181,46.972235940802484,53.25905487415812,46.352475207684364
4800,0.040300741896110014,0.039790384727896096,0.058325708560814836,136.66403476866583,52.83771072662346,1.541332174975721,1.5391339793928545,57.26122261657674,101.45574528192925,56.439429255069065,50.57680592467474,55.43298683755958,49.35324815674456,54.588492456800495,47.939384040273914,54.001859334878176,47.30989467889043
4900,0.04027078299408177,0.03977070915001549,0.05544384561166558,136.5165620507183,55.778373027772915,1.5628127981947246,1.5606462640007346,58.198097005167455,98.7714159146315,57.302823388897664,51.66250270696209,56.26285600929793,50.37853762791533,55.37829519268957,48.94201804443762,54.78491434844262,48.30885346923039
5000,0.040240407661726464,0.03975036773737251,0.05288290730763073,136.36111602969248,58.588514032656995,1.585390920537368,1.5832566948351106,59.18221568999683,96.0469150753834,58.20906147190568,52.778714899754924,57.136684290367455,51.425721859889045,56.20838229536528,49.97841593369555,55.60906556883504,49.34685543120979
5100,0.040209775200454656,0.039729439286376754,0.050633764343158943,136.19891193366666,61.20923684610901,1.6090849960994895,1.6069836694844384,60.21206738612862,93.29813908643199,59.15875733188816,53.92253460449532,58.05511239985077,52.49214983299579,57.07934480092786,51.04629126018936,56.47472110795258,50.42071338490707
5200,0.04017906342145929,0.039708020353295875,0.04868194788990718,136.03152617559147,63.59160338713722,1.6339027065969418,1.6318347751231173,61.2851994656428,90.54313740859843,60.152052275748076,55.09050724267973,59.018304895300574,53.574629595798974,57.991422590471636,52.14267388970205,57.381765026901,51.52662037243432
5300,0.04014846584002076,0.0396862239289608,0.047008390559561644,135.86088780542985,65.70129808418343,1.659839319393243,1.6578051675659908,62.39815573674582,87.80190933755722,61.1885310328933,56.278699903637815,60.02590016900068,54.66947047891107,58.9444554303378,53.26382686088864,58.32948716483383,52.66015894836243
5400,0.04011818711895122,0.03966417884417936,0.04559039727004905,135.689243046416,67.52129534541676,1.686876380527403,1.6848762708535188,63.54643450110445,85.0960631192129,62.26716991715925,57.482776860573495,61.076975887202416,55.77258469025815,59.937847895430416,54.40519533472546,59.31654012598325,53.81631543251575
5500,0.040088440593806667,0.03964202707222081,0.04440277571548118,135.51908917826887,69.05206963491092,1.7149809168619383,1.7130149908091636,64.72449460102963,82.44836670578825,63.38630958734897,58.69807802874224,62.17005157631811,56.87963698693866,60.97053684194443,55.56141354797069,60.340929640073334,54.98952228913325
5600,0.040059443098404354,0.0396199209012071,0.04341903241046249,135.35308088285828,70.3094903476481,1.7441054295948961,1.7421736852618595,65.92581024253792,79.8823159357138,64.543679892882,59.919655428168085,63.30310852514812,57.986220330469195,62.04097746348402,56.72636898187765,61.40005377230713,56.17375400421063
5700,0.04003141285258054,0.0395980209643932,0.04261253804322294,135.19391375624093,71.32106441124101,1.7741887022146172,1.772290993938097,67.14299546607315,77.4219541496697,65.7364670389819,61.14220775529674,64.47363414721124,59.08798086077037,63.147138211230455,57.89334393225891,62.49079061204112,57.36267199375723
5800,0.0400045655542134,0.03957649295872651,0.041957558941688455,135.04418607585865,72.12145531352799,1.8051575882818767,1.8032936495360028,68.36802329380733,75.0924308959976,66.96142045204878,62.35973665104851,65.67868582964623,60.18055961605897,64.28652140087544,59.05524698977203,63.60964310943147,58.54980737650617
5900,0.03997911231088691,0.03955550709769172,0.04143008788593718,134.90626269487473,72.74814233986925,1.8369296942573383,1.835099140081119,69.5925318240753,72.92256794279936,68.2149895207401,63.56428771673788,66.91497980892582,61.25910032864006,65.45621072071724,60.20494016962245,64.75291632588238,59.72872848028866
6000,0.03995525624297784,0.03953523524449451,0.041008423438441494,134.78214529370698,73.23785042158285,1.86941686374582,1.8676191987525208,70.80821813281662,70.95372513492147,69.49344867207229,64.74106562699986,68.17899194595279,62.31655747320306,66.6529630195663,61.33559113705917,65.91691531614535,60.8930227766419
6100,0.03993318943357644,0.039515851432790426,0.04067349761627116,134.67336425411912,73.62403570122841,1.9025291570408702,1.9007637655922744,72.00731903064316,69.27769548844921,70.79300123384797,65.84239973417255,69.46707143073206,63.33788264111374,67.8733483420444,62.44072873291293,67.09814815159986,62.03554970259238
6200,0.039913088521497955,0.03949752981260113,0.04040897079170958,134.58091002318207,73.9354426068737,1.9361789302494177,1.9344451277390209,73.18319786992907,68.28961565772327,72.1097695338607,66.57856627612418,70.77555366002159,64.27484319630123,69.11393543736355,63.51197246053821,68.29352680611332,63.14378819522093
6300,0.03989510961310135,0.03948044465564824,0.040201142499060254,134.50520068169163,74.19555721378701,1.9702847603183655,1.9685817971765278,74.33116893648511,68.76825645242508,73.43951333707436,66.52396266523941,72.10087388477731,64.96242581582607,70.37148628488325,64.51444901979048,69.50053200835124,64.14818222193446
6400,0.03987938378782665,0.03946476887915549,0.040038730401426095,134.4460987612623,74.42271204191036,2.0047747733628727,2.0031018780125103,75.45030579004015,69.80228179807705,74.77631264984716,67.00087191083006,73.43965284062034,65.71627452800732,71.64314823993875,65.43166808502649,70.71736736739079,64.5126329818921
6500,0.03986601477275298,0.03945067092564773,0.03991257839864211,134.40296579913337,74.63059043296808,2.0395891781337223,2.037945505537868,76.55072534295473,70.91789029765229,76.10572706749929,67.86826725529448,74.78872017575658,66.7007980870332,72.92659257941406,66.42556379537065,71.94304388176671,64.71088754268054
6600,0.039855075549566014,0.03943831268212958,0.03981533291163861,134.37474518036973,74.82892680884952,2.0746817598032377,2.0730664863946044,77.69301482170937,72.05365381039161,77.36585225483402,68.81708389385146,76.14497335001303,67.70259212364164,74.22009784505556,67.40668641823565,73.17737231223585,65.46346892189794
6700,0.03984661180571399,0.03942784489913861,0.03974112903524825,134.36006759474517,75.02425516447573,2.110020447894299,2.1084327479778895,78.97603634823209,73.20008186544594,78.4604515395099,69.78515764825079,77.50467589325693,68.70074333459999,75.52255730568375,68.3599132264511,74.42084042403128,66.38339921537693
6800,0.039840643801148386,0.03941940454523274,0.039685305661412984,134.35736016127439,75.22061284406459,2.145587056511622,2.1440261280950628,80.33061609329745,74.35915795579228,79.46904128364487,70.75843837637053,78.85981164299255,69.68914279912394,76.83344228116782,69.28964339700032,75.67444202297426,67.30713330837985
6900,0.039837172160396235,0.0394131103527693,0.03964415735908456,134.36495190445874,75.42015432549084,2.181376212596964,2.1798412824169957,81.70692227577813,75.53730717057928,80.49036124221459,71.73380616065667,80.16726308015512,70.66487549482318,78.15271039180256,70.20312798495395,76.9394767493166,68.24241304884832
7000,0.039836183308791066,0.039409060143617745,0.03961473295410309,134.38116528364984,75.6236555642115,2.2173939124533435,2.2158842418225433,83.09448527174337,76.7433543046352,81.71356816293945,72.71099731995551,81.25754205838028,71.6275391447107,79.48066769375478,71.10724626503017,78.21739284832034,69.19335450537557
7100,0.03983765443828725,0.03940732879555341,0.03959467131713352,134.40439559601182,75.83091182792165,2.2536557838793945,2.2521706769552483,84.49083600568207,77.98751034191504,83.06500538347738,73.690038424962,82.21915554445374,72.57882163397159,80.81776621253013,72.00802580244348,79.50967555431393,70.16071212472639
7200,0.039841558879437786,0.03940796806010219,0.03958207267556153,134.43316755998686,76.04104113635809,2.2901852022697953,2.2887240117768917,85.89563060215897,79.28058096869503,84.43957710177625,74.67043813367839,83.17270556016956,73.52208217553445,82.16418910967221,72.91064877057573,80.81774742914322,71.14375060758823
7300,0.039847868235177525,0.03941100683088626,0.039575398689161795,134.46617399414635,76.25271311516849,2.327011554084825,2.3255736794895925,87.30933606206581,80.63320111789574,85.82231730197162,75.65124418321902,84.15067708571418,74.46189595657539,83.51841998478093,73.81953935952234,82.14290448343793,72.14214702298335
7400,0.039856553732221814,0.03941645152861414,0.03957339610291955,134.50230272784867,76.46431137653867,2.364168503089876,2.3627533654076314,88.73279249416498,82.05514038733028,87.21038783144819,76.63151157542772,85.18327311112513,75.40358949404332,84.86783271432293,74.73853866176277,83.48624026527648,73.15698721064273
7500,0.03986758603673535,0.03942428945051326,0.03957503800297967,134.540648338315,76.67405449042109,2.4016924667636923,2.400299563641253,90.16700424755851,83.55475832179604,88.60327357441393,77.61082548670514,86.37293949632537,76.35280765745064,86.12209579565412,75.67117677473634,84.84852336961598,74.19036862860459
7600,0.03988093294982702,0.03943448979377572,0.039579478215140323,134.5805148252568,76.8800800275264,2.4396213291200026,2.4382501548058175,91.61301415478098,85.13871937927175,90.00123010204938,78.58965598474343,87.7385844783061,77.3151518752223,87.26949387038132,76.6210682071145,86.22996130452697,75.24395683546442
7700,0.039896557310531704,0.0394470069256399,0.039586017840676745,134.62140761676454,77.08050568092,2.4779932287219304,2.4766433408301287,93.07182198102575,86.81193452654512,91.4048704774314,79.56950720008201,89.1511421592553,78.29588735680097,88.44248450203344,77.59236815628675,87.62967980093926,76.31731600516079
7800,0.039914413971684944,0.03946178011932419,0.0395940773981469,134.66302324029934,77.27347469299542,2.5168456237995627,2.515516615598871,94.54433290358149,88.57770367735874,92.81501067072786,80.5529155359262,90.58761804375392,79.2996735123243,89.66633978222829,78.59012675768311,89.04455155229131,77.40711255448262
7900,0.03993444647882735,0.039478736766872045,0.03960317716007551,134.70523439635159,77.45719029708279,2.5562144487926624,2.5549059191677217,96.03132207020946,90.43793958363528,94.23258826028638,81.54341149128263,92.04503511544966,80.33031529165756,90.94913845782291,79.62024135458623,90.46691449708119,78.5078679619104
8000,0.039956585867803526,0.03949779299154132,0.039612919456495296,134.7480700262316,77.6299445582923,2.5961333998274974,2.5948449939610403,97.5334210454957,92.39344167444571,95.65860710143198,82.54554662971917,93.52305053865243,81.39049577852036,92.30153744722523,80.68849511750413,91.88332004348057,79.61403078284256
8100,0.039980746750971366,0.039518852968953466,0.03962297755874373,134.79169484589949,77.7901407900205,2.6366333360820877,2.6353647159568734,99.05110996233309,94.44413625565802,97.09410077587877,83.5650646373087,95.02179010246716,82.4814955537099,93.72873197995754,81.79853685406087,93.28525680103297,80.72270877613458
8200,0.04000682746719038,0.039541811127161486,0.039633084272313025,134.83638663823308,77.93631807835074,2.6777417718728858,2.676492631472384,100.58471958089372,96.5892602427468,98.54011755639009,84.60919680518218,96.5413489004191,83.60297625464058,95.21730721055549,82.94982444642459,94.6828861430467,81.83582793626925
8300,0.04003470802814,0.03956655156844161,0.03964302274099084,134.88251464393346,78.0671714283961,2.719482388565985,2.7182524151455025,102.1344265773887,98.82748757360015,99.99773108146674,85.68691120167188,98.08157577777861,84.7532129356089,96.7488643163853,84.13699580140934,96.09152021505852,82.96016258429154
8400,0.04006425133787984,0.03959294813887205,0.039652621952750274,134.93051804795672,78.18157384600248,2.7618746175873894,2.76066351825963,103.70025881563507,101.15701653327183,101.4680709753786,86.80844835200382,99.64192690839326,85.9306655167711,98.31184788265398,85.3503317145213,97.51975880442166,84.10532718069317
8500,0.04009530317519703,0.039620865396772495,0.039661747930991795,134.9808842469876,78.2785963047959,2.8049332335295927,2.803740719869739,105.28208866882679,103.57560900820157,102.95240878270904,87.98316904064826,101.22130790659226,87.13760141366876,99.89984142244985,86.57598763805439,98.97116685982081,85.2814700089716
8600,0.04012769322058183,0.03965015939926967,0.03967030090544827,135.03413001354903,78.35752985501524,2.8486679642866584,2.8474937633424244,106.87963053277156,106.08058292583868,104.45226413883184,89.21606521905275,102.81790371841285,88.38256167793332,101.50875803323271,87.79790856235755,100.44705463371103,86.49847225035424
8700,0.04016123843922125,0.03968067830101188,0.03967821104834951,135.09078301811545,78.4179070721013,2.893083101962555,2.8919269367028773,108.49243389814515,108.66876310088442,105.96955746079449,90.50602875840454,104.42898209556748,89.67433638502764,103.13552512430763,89.00582217737293,101.94774424355948,87.76593334296096
8800,0.040195742858222715,0.039712263708546615,0.039685433861019664,135.15136797918245,78.45951991257634,2.938177112699266,2.9370387297066802,110.11987066068102,111.33644587587621,107.50676118677345,91.84780637620565,106.05073479264507,91.01292134367529,104.77756987889174,90.20234360038319,103.47303464916652,89.08844654302946
8900,0.04023100139798232,0.03974475250099077,0.039691948633680134,135.21639317405553,78.48244096372079,2.983942326537048,2.982821461275316,111.76113287308276,114.07932160322207,109.06694487916197,93.23514066015649,107.67823519435241,92.39127542057263,106.43260654240665,91.39804508324902,105.02231816274646,90.46006011179523
9000,0.04026680266338592,0.03977797801613875,0.039697754169470495,135.28633934921737,78.48703641983282,3.0303645287311003,3.0292609162734356,113.41521316989899,116.8924079618203,110.65353404203674,94.66253521280608,109.30571647415509,93.80144321661805,108.0985321427735,92.60371804934181,106.59457560018568,91.86959167340152
9100,0.040302931032722145,0.03981177204326514,0.039702867594837425,135.3616519897038,78.47397551997544,3.0774226992333413,3.0763360599661747,115.08090183371672,119.7699868461026,112.26958188515009,96.12556987489081,110.9273678440775,95.23678347834007,109.77334230953788,93.82839693655158,108.18836810563047,93.30638731723849
9200,0.04033917047719572,0.0398459666335889,0.03970732148289632,135.44273193420506,78.44423471940735,3.125088735879846,3.1240187862266318,116.75679326080478,122.70557471326617,113.91663102063805,97.6205836984892,112.53855691737516,96.6918869964223,111.45504694222518,95.08239955333858,109.801851780797,94.75844529560204
9300,0.040375306729752605,0.039880395894931524,0.03971116098107977,135.52993185594616,78.39909530686627,3.1733272715164342,3.1722737210926955,118.44127869114786,125.69187173103633,115.59377864988416,99.1442422064343,114.1369046118548,98.16219033563864,113.14154570640142,96.3932117445676,111.43283946277167,96.19647157004566
9400,0.040411130987550344,0.03991489828342618,0.03971444219116394,135.62354670178402,78.34012953629534,3.222095563527832,3.2210581348540956,120.13256454089066,128.72077464410458,117.29759704600669,100.69317053388285,115.722569226256,99.64372430294306,114.83045615223071,97.81274237681428,113.07889664251404,97.5664304292655
9500,0.04044644295587922,0.039949317978234554,0.03971722889282104,135.72381015463066,78.26917379382922,3.271343521975412,3.270321893075304,121.8286928202563,131.78343295399722,119.0229292810688,102.263714575841,117.29778494162579,101.13296038915412,116.51878831471626,99.29533561134002,114.73745057920546,98.91123296492648
9600,0.040481053869421045,0.03998350627356534,0.039719590476446555,135.8308879430627,78.18829869671033,3.3210138060242596,3.3200076695364458,123.52756261826539,134.8702978402209,120.76389748101566,103.85183117959463,118.86653597282815,102.62668268360629,118.20230455187311,100.79432488423357,116.4058880732751,100.2736800457978
9700,0.04051478943762479,0.04001732515410622,0.03972159842688606,135.94487281424216,78.09975955348031,3.371042077821367,3.37005111208459,125.22697381738774,137.9712540512716,122.51458525441305,105.45307383831856,120.43510810687548,104.12189088590767,119.87432410106966,102.29663287484074,118.08164079312644,101.66136085670854
9800,0.04054749314692334,0.040050646102653326,0.039723324282004924,136.0657803246293,78.0059436492236,3.4213574350733875,3.420381288801799,126.9246556651002,141.07575862250584,124.26935126062445,107.06263324982307,122.01338875582363,105.61569553809886,121.52415955361538,103.79602379435657,119.76222841021296,103.0732367588056
9900,0.04057902861992978,0.04008335353719733,0.03972483605750558,136.19354330442982,77.90930803249807,3.471882900003155,3.470921224321877,128.61830996217185,144.17301439950356,126.02290176896875,108.67541837059225,123.61340912597296,107.10525453591431,123.13858062521832,105.28784116994527,121.44527478460621,104.50529708895813
10000,0.04060928219966325,0.040115344581896036,0.03972619682626656,136.32801095375865,77.81231121352094,3.5225361374482884,3.521588542807533,130.30564681527747,147.2521705220261,127.77025554454126,110.28615795601807,125.23987372301272,108.58773610004124,124.71143449152405,106.7680092787798,123.12846608399254,105.95223641714061
10100,0.04063816463766837,0.040146530547512,0.03972746241480331,136.46894804061873,77.71734489951488,3.573230258326477,3.572296382050355,131.9844214683231,150.30253991394179,129.50670164274692,111.88949442384622,126.88451318566314,110.06029922411726,126.24944648766576,108.23277983749333,124.80946030174199,107.40829263973409
10200,0.04066561198015977,0.04017683668002611,0.03972868002468519,136.61603549942038,77.62666947100821,3.6238747431743215,3.6229541941134253,133.65245863749757,153.31378709244026,131.22776613682225,113.4800880585763,128.53508968879655,111.52009676114496,127.76347210352634,109.6786647626149,126.48574820187113,108.8676498188056
10300,0.04069158617425135,0.04020620306535843,0.039729887221375916,136.76887563125317,77.54234800953603,3.674376519847522,3.673468876610083,135.30767830621525,156.27617564868459,132.92919102676777,115.05271969816658,130.18220028432555,112.96429145788443,129.26192526208214,111.10244497679035,128.15448560869285,110.32460493961477
10400,0.040716074840170195,0.0402345842579507,0.03973111265526666,136.92699814439234,77.46619965645526,3.7246410003877135,3.723745879390258,136.9480906805801,159.1807125250355,134.60693649044788,116.60239133654385,131.81931443865315,114.39006757576409,130.7510352199511,112.50120926727288,129.812304657733,111.77370417645879
10500,0.040739090056689235,0.04026194773980663,0.03973237547981471,137.08986687152264,77.39975672592678,3.7745733564390362,3.7736903802662187,138.57180035268792,162.01933045051163,136.25720699139956,118.12440388684594,133.44149897835712,115.79467186002447,132.23638247207904,113.87240904939264,131.4550571840297,113.2098315740801
10600,0.040760666513419586,0.04028827394751954,0.03973368744065233,137.25689081730832,77.34423693982342,3.824079661846425,3.8232083849986367,140.17696576062002,164.78500680922355,137.87648666356154,119.61443926028493,135.04463118036176,117.1754211204043,133.72382173348814,115.21393090937724,133.0774677262421,114.62829450889683
10700,0.040780857379438144,0.040313554336846975,0.03973505328118017,137.427433634977,77.30053301235424,3.8730680370700665,3.8722080331252124,141.76177049243708,167.4718391218232,139.46159033020342,121.06862113713287,136.6250860780922,118.52974037696706,135.21947145925176,116.52422049123476,134.67296134846077,116.02486788763599
10800,0.04079973346866383,0.04033779054236921,0.039736473308714826,137.60082583206466,77.2692022299919,3.9214498371148725,3.9206007002669594,143.32435986530982,170.0751580965598,141.00973890253533,122.48355191358463,138.1796456012758,119.85517938610218,136.72800828880906,117.80243052653537,136.234793604322,117.39574741595962
10900,0.04081737682323711,0.04036099289114588,0.03973794381814656,137.77637670143443,77.25049551001462,3.969140647918055,3.968301991879745,144.86281091682181,172.5914246228152,142.51861480855155,123.85636127732816,139.7055464145158,121.1494418206465,138.24880802485055,119.04873134205626,137.75945455544036,118.73737489382125
11000,0.04083387976394748,0.0403831781442105,0.03973946016729174,137.95338440752178,77.24436526112406,4.016061284362109,4.0152326587158145,146.3751065573327,175.01829601388553,143.9864110964325,125.1847089099152,141.20057509895312,122.41042417560672,139.77399118530363,120.2650626508964,139.2486915190362,120.04577602155233
11100,0.0408493390177588,0.04040436940448849,0.03974101682291651,138.1311487003871,77.25050638993545,4.062138533392365,4.0613195408704765,147.85913785983786,177.35450697932276,145.41186396914082,126.46679151794274,142.66320201858295,123.63622740119786,141.29219389896636,121.45770884378688,140.70624138277518,121.31408936039125
11200,0.04086385324444278,0.04042459427101603,0.0397426095662356,138.3089808916566,77.26838710626423,4.107305920599293,4.10649614768166,149.31275635224054,179.59982668349764,146.79424131306135,127.70133001257484,144.092721101222,124.82520331818516,142.79290207402894,122.64320360456097,142.1341759813803,122.52653369485022
11300,0.040877521071392704,0.04044388415320423,0.03974423490521653,138.48621095480283,77.29729004243886,4.151504124683717,4.150703183768207,150.73383836345226,181.7549307448385,148.1333130962825,128.8875485466618,145.4893895854087,125.97597632566959,144.26737398074758,123.82935838982584,143.53248405076928,123.676948848526
11400,0.04089043748469805,0.04046227329687433,0.03974589122015673,138.6621981215521,77.33635337513869,4.194681462359835,4.193888950265384,152.1203681490918,183.82129261600525,149.42929950897542,130.02514624279033,146.85452481794107,127.08746578686457,145.70795417376328,124.99594864389921,144.90006972727627,124.78709533699124
11500,0.04090269185958393,0.04047979883153942,0.039747578184828096,138.8363358011551,77.38461014039382,4.236793984442326,4.2360095174038035,153.47052230393624,185.80106305140714,150.6828111406443,131.11424364365737,148.1904080234596,128.15889764121837,147.1075016403601,126.13119948362005,146.23557867710747,125.86893465979074
11600,0.0409143673766084,0.04049649884687527,0.039749296452949466,139.0080580669209,77.44102268066901,4.277805622498951,4.277028824278617,154.78274107364857,187.6969597962424,151.89478203558147,132.15535656159634,149.49989123869813,129.18982239103886,148.45943168489853,127.23168254557237,147.5378275351639,126.92422314468892
11700,0.04092553990340121,0.04051241437064267,0.03975104739535,139.1768411542119,77.5045177341125,4.317688117328498,4.316918636214586,156.055785229262,189.51213892092892,153.06642344320582,133.1493386654377,150.7854761528548,130.18011670873568,149.75841062827087,128.2963092480332,148.8059721856587,127.95109106754568
11800,0.0409362776374051,0.04052758641707965,0.039752832193496915,139.34220951904487,77.57401241853199,4.3564208364556665,4.355658301098633,157.28876299701164,191.25010368639641,154.1991652147062,134.09732498492642,152.04816702708106,131.12997641115825,151.00137218607395,129.32472649823512,150.03953174190963,128.94673612231549
11900,0.04094664053467288,0.040542056919490116,0.03975465147622531,139.50373583598315,77.64844161899644,4.3939904031492505,4.393234485848561,158.48113712605146,192.91458260882888,155.29461278977996,135.0006998200389,153.28678870630355,132.03990897496027,152.18808252041705,130.31683436027978,151.23834748713222,129.90867016955548
12000,0.040956680759754976,0.04055586873714895,0.03975650445404341,139.66104028252605,77.72677128301662,4.430390419649022,4.429640789693193,159.63272016991087,194.5094795093216,156.35453243542852,135.8610277667428,154.49838096042834,132.91071836522104,153.32067020262267,131.27263810683982,152.40254218455124,130.8352321628423
12100,0.04096644258136298,0.04056906438270805,0.03975838893166349,139.8137916297441,77.8080187479162,4.465620909591574,4.464877258440583,160.7436382392478,196.03876285992374,157.3808240313532,136.6800200197251,155.67922508940322,133.7434682794379,154.40249226845108,132.19219538590247,153.53243553074694,131.72569448444756
12200,0.040975962403937104,0.04058168662640955,0.0397603011075263,139.96170643392577,77.89126094704173,4.499687826501604,4.498949865870376,161.8143141388082,197.5064148939129,158.37549558593793,137.45949411097052,156.82579388360438,134.53947010860375,155.43712365010103,133.07563211022165,154.62848210883155,132.58018678607684
12300,0.040985269960889484,0.04059377791817388,0.03976223576929718,140.1045469985488,77.97564143173854,4.532602476551941,4.53186993194397,162.84541485805147,198.91638250472533,159.340674558861,138.2013294009613,157.93520377902655,135.3002176672413,156.4278575428063,133.92321026077477,155.69118224239907,133.39954376737072
12400,0.04099438752698518,0.04060538000287026,0.03976418639145145,140.2421194959853,78.06037555283562,4.564380946718916,4.563653565441134,163.83781844404064,200.27253524460502,160.2785740571756,138.9074441388565,159.00530626121613,136.027348056582,157.37760981923066,134.7353793678385,156.72100475767155,134.18510452260352
12500,0.041003331363079196,0.040616533938248975,0.039766145225638,140.374272118455,78.14475129805797,4.595043499448314,4.594321000555007,164.79256934136728,201.57861909417534,161.1914651299666,139.57976829252414,160.03461417087564,136.72258979034507,158.28906511754198,135.51284196482501,157.7182578843001,134.9384915646939
12600,0.04101211130906777,0.040627279127090646,0.03976810495040705,140.50089220267714,78.22813223183384,4.624613964851905,4.623896100759566,165.71084583745207,202.8382306684985,162.0815884661823,140.22022819184141,161.02222930113908,137.38768919068067,159.16498422570064,136.2565861431162,158.68287450345886,135.66133987427582
12700,0.04102073169015743,0.040637653515921385,0.03977005741414197,140.62190419849236,78.30995333661528,4.653119147950338,4.6524057089743565,166.5939291573071,204.05480250206597,162.9510049073756,140.8307313071958,161.96784977921195,138.0243752827046,160.00875632358563,136.9678952115665,159.61395461274694,136.35504588362372
12800,0.04102919103234836,0.040647694352528886,0.039771995412068745,140.73726583847855,78.38971827676038,4.680588295942735,4.679879066678089,167.44317346540316,205.23159103209744,163.80137098788788,141.41315087366183,162.8718630006612,138.63429330006707,160.82555631462532,137.64833560232753,160.50868852358624,137.02061136742753
12900,0.041037483896522245,0.040657436898944896,0.039773912357337265,140.84696703599917,78.46699546432009,4.707052594315464,4.706347372656264,168.25997192245546,206.37166798005882,164.63373020468444,141.96933398748206,163.73545349862258,139.2189883400593,161.62435894206405,138.2997006418907,161.36039610589933,137.65857885261744
13000,0.04104560051780922,0.04066691373638666,0.03977580330569883,140.95102591626156,78.54141882457627,4.73254468320277,4.731843253902911,169.0457540542451,207.4778909660796,165.4484273111916,142.50107984212116,164.56063057719874,139.77988139321997,162.41736530780366,138.92393427857027,162.15914163083306,138.26911968419753
13100,0.04105352736775779,0.040676155858574405,0.03977766446100567,141.04948607891293,78.61267774904573,4.757098194183559,4.756400383588636,169.8019452865134,208.55293868495863,166.24522528929114,143.0101398411633,165.35004249730656,140.3182885104155,163.20895119107334,139.52301193333804,162.90280021559832,138.85219703382543
13200,0.041061247723229034,0.04068519157390803,0.03977949329700054,141.14241336951108,78.68051610794933,4.780747401540038,4.7800530245816235,170.52997374590547,209.59927942825433,167.02358371103978,143.49821655966613,166.10664900505571,140.8354384332625,163.9915811217459,140.09879334036424,163.60116507194883,139.40779461871384
13300,0.04106874276658039,0.04069404710082331,0.03978128911929983,141.2298954522201,78.74472738034117,4.803526876119982,4.802835757599951,171.2312444717168,210.61918807788447,167.78295832220016,143.96694775051535,166.83339739113015,141.33252673397863,164.7576627391786,140.65287755695311,164.2640649715146,139.93609029848807
13400,0.041075991730483236,0.04070274542279786,0.03978305251344956,141.3120362976502,78.80515085516895,4.825471151171831,4.824783168743494,171.90713041920367,211.6147459648742,168.52299863046005,144.41789466268668,167.53299424656615,141.81079244898893,165.50357398159866,141.18646463920743,164.89734583585312,140.43758533701555
13500,0.04108297276418848,0.04071130774597557,0.039784785510841685,141.3889557169668,78.86166411883156,4.846614568905159,4.845929567873584,172.55896295981398,212.5878676511855,169.2436334782613,144.85253811287782,168.2078162889156,142.2716099829134,166.22801448190253,141.7002595668902,165.5045058222496,140.91311187243915
13600,0.041089663601415846,0.040719752122125516,0.03978649113661928,141.46078681385228,78.91418430239872,4.866990911422154,4.866308776584289,173.18802907800648,213.54027090201106,169.9450487125933,145.27226757288477,168.85989859609103,142.7166044576007,166.93072344716745,142.19442014090836,166.0879502177857,141.36382773006335
13700,0.0410960423554251,0.04072809389488608,0.039788173120369794,141.52767290210792,78.96265594789729,4.886633377061241,4.885953989564348,173.79556258108352,214.4735515803109,170.62763575043292,145.67836076784252,169.49098977336018,143.1477739469329,167.61188543872876,142.66849259885015,166.64958337534466,141.79110966697723
13800,0.04110208731997016,0.0407363464310296,0.03978983647688798,141.5897659055827,79.00706000996101,4.905574335061305,4.904897585783153,174.38274396346569,215.3890889638746,171.2919362106729,146.07199673929264,170.10259541094769,143.56756828234464,168.27189562768734,143.12145676509985,167.1910309868981,142.1964745585963
13900,0.04110777904751664,0.04074452024981122,0.03979148602180262,141.64722621560728,79.04739521471338,4.923845276312349,4.923171025416545,174.95069182356315,216.2881808041138,171.9385695447481,146.45423611625762,170.69604215159194,143.97873027919232,168.91124516806337,143.5519282453264,167.71373787778188,142.58148550923892
14000,0.041113099487778866,0.04075262382335534,0.03979312734726819,141.7002182705841,79.08368553424226,4.941476677766662,4.9408048382348255,175.5004600347797,217.17196981408745,172.56820472497392,146.82602589054758,171.27251387319615,144.3838152273605,169.53045888609097,143.95871535803474,168.2190322286991,142.94770152839675
14100,0.04111803317182975,0.04076066363004426,0.03979476632014285,141.74890968701192,79.11597592177209,4.95849798504816,4.957828438656896,176.03304866565375,218.0414642139433,173.18151653403373,147.18821011931308,171.8330847554937,144.78442594649337,170.13007265144543,144.34158870258804,168.70813698455788,143.29663757498292
14200,0.041122567240359786,0.040768644089692496,0.0397964080097533,141.7934704622605,79.14432435268476,4.974937522775784,4.974270163870604,176.5493963555096,218.8975829900188,173.7791619544968,147.5415277054843,172.37873802518945,145.1808321469096,170.7106181052356,144.70170520081078,169.18218098348822,143.6297405114296
14300,0.041126692250502334,0.040776568397555696,0.03979805815979104,141.83407277842807,79.16880088630485,4.99082246969719,4.990157249141279,177.05037778573515,219.74117054422678,174.3617691791289,147.8866288269411,172.9103785996649,145.57226737521992,171.27262432253426,145.04125860098526,169.6422006080487,143.94836676796956
14400,0.041130401610962486,0.04078443823788524,0.03979972161989083,141.87088770463973,79.18949103079146,5.0061789287762375,5.00551569882421,177.53681289027548,220.57293819858134,174.9299221528135,148.22408435343644,173.42884310533915,145.95764150119172,171.8166145717503,145.36281016188119,170.08914472212385,144.25378783772743
14500,0.041133691998260405,0.04079225384128633,0.03980140318161253,141.90408504936806,79.206483777963,5.0210318005874255,5.020370519486188,178.00946952711928,221.39357622082795,175.4841684022077,148.55441724329677,173.9348886172684,146.33599196337747,172.34311740457994,145.6688112803228,170.52386922558603,144.54718983127285
14600,0.04113656323020869,0.040800015320150027,0.0398031073703177,141.93383208625815,79.21988288682357,5.035404898645875,5.034745454357483,178.46906056353356,222.20364321873828,176.0250091756804,148.87808462954504,174.4292073394416,146.70663718980322,172.85266785330123,145.96141544051594,170.9471310109185,144.82965548912355
14700,0.04113901878150814,0.04080772161107571,0.039804838337467945,141.96029363565944,79.2297889212144,5.049320925711551,5.048663264112587,178.91625222193196,223.00370865077014,176.5529011531462,149.19551211341044,174.91242134663253,147.06916991362777,173.34581708471174,146.24250222763567,171.35960078198823,145.10217841797999
14800,0.04114106559245113,0.04081537102336531,0.039806599473784766,141.9836315845962,79.23631234353117,5.0628014505391,5.062145535863332,179.35166739062086,223.79424422221834,177.0682588768281,149.5070908399768,175.3850698224626,147.42338917349787,173.82313249018327,146.5137243302348,171.76185465762433,145.3656597185832
14900,0.04114271305935561,0.04082296183938004,0.03980839385337238,142.0040031761911,79.23956847982555,5.075867056031228,5.075212816232411,179.77588915452645,224.57566681568863,177.57145966852522,149.81318256910885,175.8476379011718,147.76922867189532,174.28521178055448,146.77655319806928,172.1544103533306,145.62090391708463
15000,0.041143972557749695,0.040830491533376825,0.039810224425579334,142.02156091974547,79.23966874176956,5.088537244361995,5.087884625120194,180.1894678252154,225.34839242110735,178.0628447301964,150.1141345627006,176.3005253587597,148.1067167143201,174.73266823555426,147.03233584911527,172.53774941352654,145.86863448919422
15100,0.04114485905960695,0.04083795748505442,0.039812093965397324,142.03645338773472,79.23673407071657,5.100830592795011,5.1001794828498745,180.592921302285,226.11274617053454,178.54272283372856,150.41026474069227,176.7440781041281,148.4359345421986,175.16614050207653,147.2822943301334,172.9123822973828,146.10948547993874
15200,0.04114538885761969,0.0408453574353143,0.03981400421452088,142.04882437287984,79.23087725958182,5.112764675590372,5.112115058105576,180.98673878690707,226.8690754319139,179.01137002871513,150.701896688096,177.17858306054768,148.7570130055544,175.586285231654,147.52755611354837,173.27894749068182,146.34402334145912
15300,0.04114558032434949,0.040852688755706974,0.03981595716195749,142.05881148271405,79.22221798275626,5.124356201093496,5.12370800661537,181.3713902359078,227.61765275426248,179.46903551839947,150.98931345590228,177.60428003257516,149.07009662371556,175.9937555453097,147.76913109296848,173.63846367950177,146.57273961823606
15400,0.04114545306348386,0.0408599495633681,0.0398179540865689,142.0665473582568,79.21086955395819,5.135620990908111,5.1349741790911265,181.74733397144408,228.35876926523247,179.91594817440622,151.2727852475237,178.02137609840125,149.375360491794,176.38921825437407,148.00791895657787,173.9928255898987,146.79607454243987
15500,0.041145027876047,0.040867137189890226,0.03981999621975983,142.07215975822075,79.19695047577623,5.14657404425894,5.145928573279661,182.11500136118102,229.09263962524057,180.3523129257319,151.55256581098976,178.43005415686986,149.67298373124453,176.77332549267447,148.24470130862986,174.34578541378295,147.01443026162562
15600,0.0411443258644231,0.04087424953867275,0.03982208482085371,142.07577085202263,79.18057064717331,5.157229524625532,5.156585367727326,182.4748214717029,229.81951271015,180.7783026366474,151.82888485011168,178.8304619839641,149.96316003858473,177.1467172548578,148.4801268356838,174.7034313467142,147.2281827364771
15700,0.0411433692918924,0.04088128460279046,0.03982422016759671,142.0774969656707,79.16184490178736,5.1676008902745965,5.166958028539577,182.82721377416652,230.53956720827452,181.19408077853637,152.1019476595502,179.22275016759684,150.2461018686162,177.51001608920618,148.7147116585875,175.06958461388456,147.43769504009833
15800,0.04114217959482982,0.040888240300490104,0.03982640319278153,142.07745023046186,79.14088237772887,5.177700890814773,5.177059255192713,183.1725903020453,231.25298932356824,181.599793231787,152.37194937000737,179.60705646190357,150.5220288558578,177.86382309486058,148.9488375149981,175.44049334707606,147.64333669305455
15900,0.041140779275666006,0.04089511522016835,0.03982863411242514,142.07573650763172,79.11778790253196,5.187541562769884,5.186901105820176,183.51136680203527,231.9599599289848,181.99556152754698,152.63904911629422,179.98351118134133,150.7911698227897,178.20870343384397,149.1827579620018,175.81034007718102,147.8454879791721
16000,0.04113918962161324,0.040901907750098845,0.0398309128676389,142.07245720209605,79.09266898440069,5.197134254196127,5.19649496934164,183.8439466757124,232.66061206383193,182.3814880614506,152.90338485241995,180.3522563661158,151.05378281835846,178.54519317083916,149.4166042812258,176.17568980453595,148.04452685866931
16100,0.04113743132219643,0.040908616740580606,0.039833239547283995,142.06770860763666,79.06562249788601,5.206489769445219,5.205851619536817,184.17073166426354,233.3551198637931,182.75767935029933,153.1650659009299,180.71342981805626,151.3101120003737,178.87380676584004,149.65040625338403,176.5349761500714,148.24085172296088
16200,0.04113552542024228,0.0409152402628717,0.039835613582582044,142.06158234060376,79.03675239709024,5.215618297793233,5.2149812658884,184.49211715911608,234.04356950789796,183.12422279453853,153.42420646783583,181.06717714561842,151.5604242034196,179.19501328650784,149.88410787341843,176.88750307934947,148.43487609906435
16300,0.041133491306939815,0.04092177733111842,0.039838034283104874,142.05416551727265,79.00615337558965,5.2245294318609865,5.223893466044483,184.80848847007582,234.72608629360235,183.48119623188845,153.68087533776915,181.41364199499037,151.8049933011227,179.50925710545297,150.11757787296702,177.232982798136,148.6270044454749
16400,0.041131347505230835,0.04092822742387798,0.03984050184686379,142.04553992482323,78.97391536244017,5.233232278766986,5.232597384134534,185.12021735686196,235.4027915578875,183.82870024067554,153.93513812895353,181.75298687181237,152.04410232411402,179.81695882405745,150.3506404056109,177.57132393089242,148.8176337542864
16500,0.04112911176324051,0.040934589414298485,0.03984301495996976,142.03578447183966,78.94012916798717,5.241735471710158,5.2411016121989435,185.4276438122166,236.07377509631354,184.16682856091455,154.18703163127788,182.0853663346103,152.2780389055593,180.11849141218758,150.58309072609103,177.90254075118798,149.0071700343777
16600,0.0411268004967122,0.04094086241359594,0.03984557267143651,142.0249727998273,78.90487727917127,5.250047163485772,5.2494143107640525,185.7311053372752,236.7391509187146,184.49569370700712,154.43659797352205,182.41094964235168,152.50709378260945,180.41421469992045,150.814699248124,178.2267022870097,149.19598780302917
16700,0.04112442973997244,0.040947045569336114,0.03984817359430268,142.01317681707346,78.86824697195794,5.258175001558886,5.25754311071022,186.0308769168776,237.39896282066525,184.81542928699835,154.68384981245364,182.72990157503259,152.73156367342312,180.70444884490325,151.0452291556114,178.54392300897746,149.38443737058145
16800,0.04112201427159355,0.04095313801902804,0.03985081652895129,142.0004616770072,78.83031443301941,5.2661262341420985,5.2654952913942505,186.32720558916108,238.05331209395916,185.12620599011794,154.92881210879918,183.0423984389368,152.9517398742058,180.98950205043863,151.2744348500562,178.854327859128,149.57284666744525
16900,0.0411195674324203,0.04095913873970811,0.03985349973559859,141.98689065958922,78.79115581986575,5.273907794058542,5.273277721668219,186.62029783131734,238.70226919362477,185.42823376553505,155.17149032795382,183.34861034122994,153.16791173307155,181.26964336993518,151.50209476963616,179.15806980434152,149.76151653367586
17000,0.041117101244358904,0.040965048023060495,0.03985622143097726,141.97252372131618,78.75084438813832,5.281526149931209,5.280896980668767,186.91030348935854,239.34589655689132,185.7217524319363,155.41189920133422,183.64871958613404,153.38037357952695,181.54513121344309,151.72799532408845,179.45530531017297,149.95071311419133
17100,0.04111462713542073,0.040970864864089844,0.03985897972731369,141.95741731606017,78.70944888702783,5.288987478524674,5.288359164489476,187.1973236666092,239.98426011277616,186.00703727735979,155.650034023883,183.94289804738077,153.58941297,181.81619454329987,151.95192183086277,179.74620676202562,150.1406651280317
17200,0.04111215616473694,0.0409765888167251,0.03986177226399863,141.94162592584811,78.66703739556796,5.296297602371664,5.295670152498402,187.48142408902004,240.61740771114205,186.2843977176615,155.88589693340282,184.23133017195156,153.7953024527798,182.08304639018726,152.1736847898108,180.0309426598623,150.33157977415416
17300,0.041109697605837985,0.040982219169543,0.03986459710569307,141.92519989162957,78.62367229838047,5.3034620312679985,5.3028354082740465,187.7626362618392,241.24539832327284,186.55418235766643,156.11948518647446,184.51418737859152,153.99832118164744,182.3458802735483,152.39310123381304,180.30968838173428,150.5236157299009
17400,0.041107259879821084,0.04098775544223146,0.03986745183295389,141.90818719604366,78.57941449208232,5.310486025024025,5.309860226135223,188.0409478753116,241.868279004812,186.8167442262362,156.35080344446592,184.7916352810221,154.19873254957244,182.60488122548094,152.6100097113174,180.5826271917041,150.7168987469961
17500,0.04110485114657719,0.04099319742848642,0.03987033304043388,141.8906339863659,78.53432395751659,5.317374527412512,5.316749501486399,188.31632755279023,242.48608110375866,187.0724626481057,156.57985879043252,185.06385522577915,154.39679460837925,182.8602113131194,152.82425626915352,180.8499338764623,150.91152813331055
17600,0.041102477824380354,0.04099854459683669,0.03987323806373219,141.87258332889328,78.48845157150598,5.324132270651871,5.323508012365415,188.58875048807164,243.09888137415885,187.3217072246909,156.80665016562526,185.33100661156936,154.59275422637913,183.11201603893124,153.03571268497666,181.11177888686623,151.10756332667074
17700,0.04110014639877675,0.04100379552747762,0.039876164193177736,141.8540762052315,78.44185121380208,5.330763760414286,5.33014023585548,188.85816106716146,243.70671301133487,187.56486531437054,157.0311894586372,185.5932493321565,154.7868431311427,183.3604453962142,153.24425452682146,181.3683485777415,151.30501433726948
17800,0.04109786228727604,0.04100895075389894,0.03987910705922693,141.83515256944875,78.39457587214582,5.337273199031165,5.336650413152243,189.12451377759322,244.30959220196274,187.80229634759033,157.25348284365484,185.85073830735638,154.97928765792972,183.60562340467214,153.44977140486205,181.61980469860552,151.50389327158948
17900,0.041095630190996685,0.04101400936637039,0.03988206433954461,141.81584856931286,78.34667221966153,5.343664643799526,5.3430425675946,189.38776133612694,244.90756608019717,188.03435922468694,157.47352639516004,186.10363097747614,155.17029722146674,183.84766581279752,153.65217288230383,181.86630627570017,151.70415891896425
18000,0.04109345436631337,0.04101897049503212,0.03988503215402891,141.79619956364326,78.2981879474121,5.349941969924453,5.349320580615526,189.64787372305003,245.5006543541398,188.2613961823354,157.69134237409835,186.35205749516223,155.3600581260771,184.0866806851182,153.85138616720664,182.1080150095144,151.90576331244742
18100,0.04109133857298525,0.04102383387480784,0.03988800669119486,141.77623905648238,78.2491589052955,5.356108881126971,5.355488194011881,189.904821884925,246.08894452808482,188.48373751214348,157.9069456344968,186.596161419468,155.54876823158278,184.32277308768073,154.04734480702658,182.34508272603898,152.1086258974659
18200,0.04108928609590135,0.04102859879151286,0.03989098420586224,141.75599792060973,78.1996333112955,5.362168808241607,5.361548854685586,190.15858133683088,246.67241492914715,188.70169225834942,158.12034039047444,186.8360587498051,155.7365710639901,184.55602773522247,154.24000566933987,182.57765400309304,152.31265990927034
18300,0.04108729959313807,0.04103326524446365,0.039893961055525236,141.73550645743111,78.1496478923552,5.368125132275096,5.36750591903479,190.4091507795109,247.25112002086524,188.91554285511458,158.33154227371253,187.0718743950521,155.92361344653253,184.78654314792328,154.42934125384883,182.80585850357895,152.51775662400232
18400,0.041085381279817354,0.04103783137496232,0.039896933691358,141.7147928853343,78.09924179338951,5.373981048554289,5.373362516368256,190.65652970759845,247.82507557194643,189.1255784745821,158.5405705427627,187.30371663557614,156.11001049765486,185.01438057534068,154.61533731216824,183.02983151659504,152.72380499366295
18500,0.04108353324668451,0.04104229756063626,0.03989989788529444,141.69388518922378,78.04844869053879,5.379739648137814,5.379121788451724,190.90072662425655,248.3943204151516,189.33204939802152,158.74745585246734,187.531685387502,156.29586857134365,185.2396249041554,154.79800498657656,183.24969147677675,152.93068300113742
18600,0.041081757160671445,0.04104666285009772,0.03990284985121107,141.67280756083372,77.99730018773916,5.3854038168918965,5.384786629324173,191.14177090797997,248.9589006380351,189.53520243930987,158.95221400750142,187.7558699819623,156.48127125317606,185.46233445689558,154.97736702020757,183.46555438418503,153.13826643768633
18700,0.041080053772672855,0.04105092665037703,0.03990578539352164,141.65158569681347,77.9458313039099,5.390976301022578,5.390359789033391,191.37967934463165,249.51882097769285,189.73525868422558,159.15485529583864,187.9763551242916,156.66627128427106,185.68256141975698,155.1534732167966,183.67751452294019,153.3464337552365
18800,0.04107842442145918,0.04105508773136788,0.03990870083961588,141.6302415480309,77.8940715357624,5.396459841627159,5.395843930345081,191.61448797797323,250.07411947625968,189.9324414488419,159.35540585402532,188.19321496165549,156.85091515187207,185.9003675149464,155.32636755000308,183.88567970242903,153.5550590622686
18900,0.0410768690711824,0.041059146707323704,0.03991159178259281,141.60879771112437,77.8420496787981,5.401856982118096,5.401241647746134,191.84623771901352,250.62482737933195,190.1269448891779,159.55388505379588,188.40651038343697,157.0352298676499,186.11578970160463,155.4961234254057,184.09014662223424,153.76402264664358
19000,0.04107538838785773,0.04106310262272524,0.0399144551141502,141.58727426795093,77.78979225506252,5.407170143059229,5.406555431545297,192.0749697296514,251.17097216282622,190.31896537651613,159.7503236639919,188.61631373653967,157.21922360734064,186.3288737747963,155.66283440116075,184.29099683758182,153.97322216438843
19100,0.041073982984662555,0.04106695443443076,0.03991728670802761,141.56569017759517,77.73732698090673,5.412401720592339,5.4117876134480785,192.3007383383862,251.7125767871841,190.5086672643982,159.94473439045143,188.82267578456862,157.40288290283576,186.53965683287308,155.82659200301595,184.48831135484596,154.1825347991664
19200,0.041072652293108664,0.04107070209389066,0.039920082604745576,141.54406402028823,77.68467688424975,5.417553927485983,5.416940399927923,192.5235833563966,252.24967968450932,190.69621520028886,160.13715245351594,189.02565027202846,157.58620247152948,186.7481528708216,155.98751062883264,184.68217370405003,154.39185658346753
19300,0.04107139625699966,0.04107434552440128,0.03992283983933264,141.5224132284379,77.63186393659538,5.422628945371498,5.422016050182889,192.74356950345287,252.78231901768413,190.88176401267756,160.32759166621025,189.22528486217828,157.7691400848393,186.9543950789309,156.1456962851573,184.87264846995745,154.60109066152614
19400,0.04107021423622659,0.04107788401282662,0.03992555484469419,141.50075472197048,77.57891282605728,5.427628889819925,5.427016602951471,192.96073468475515,253.3105072858396,191.0654427176387,160.51608823065783,189.42162662513022,157.9516712948784,187.15839741010686,156.30128263655772,185.05981254688317,154.810131746344
19500,0.041069105794657945,0.041081316808106734,0.03992822476560224,141.4791024705588,77.52584012050818,5.432555711230381,5.431944004909429,193.17514697214344,253.83429896874364,191.2473760931978,160.70266406222783,189.6147221122751,158.13374805343412,187.36017529673654,156.45439693952434,185.2437403669081,155.0188956027961
19600,0.041068069867312054,0.041084643981407695,0.0399308457991431,141.45747136026748,77.47266884031437,5.437411316069399,5.436800228776887,193.38685785184757,254.3537099233179,191.4276756929715,160.88734529842856,189.80462270604718,158.31533224667572,187.55971343345408,156.60516376875637,185.42449909988056,155.22728878920344
19700,0.04106710460626567,0.04108786542389882,0.03993341614846951,141.4358746584756,77.41941709909246,5.44219755824388,5.441587068275836,193.59591971089665,254.8687739955938,191.60642644947887,161.07014440560624,189.99137965480253,158.49636735366974,187.75703015231082,156.75371434813832,185.60215614624244,155.43522104891852
19800,0.041066209953624866,0.04109098093693984,0.03993593186074799,141.41432522389127,77.36610230307639,5.4469162432751235,5.446306275307429,193.80239584480884,255.3795167142696,191.7837173621933,161.25110537365754,190.17503819039172,158.67681290586688,187.95211285246398,156.90019806674152,185.77678636271443,155.6426107803773
19900,0.0410653843913821,0.04109399031437577,0.03993839176969003,141.3928342715528,77.31273618822857,5.451569049657219,5.450959555952488,194.00634133689766,255.88600969022914,191.95961754216395,161.43023790836043,190.35566510609246,158.85660652564567,188.14496406263555,157.0447493653704,185.94845145664766,155.84937792092947
20000,0.04106462589087506,0.04109689426229453,0.039940792536176675,141.37141154074692,77.25933460161082,5.456157589272943,5.4555486379842115,194.20780230251225,256.3882868518614,192.1341758000636,161.6075788085215,190.53333167758078,159.0357185709332,188.3355619775515,157.18750973434314,186.11723065702003,156.05542222797408
20100,0.04106393386015071,0.041099692238308026,0.03994313222934389,141.35006890258785,77.20591038179802,5.4606834390486,5.460075063718571,194.40683051265898,256.8863948035944,192.3074349745502,161.78314968026265,190.70809340760306,159.21408668242947,188.52389588351323,157.32862659236756,186.28320119569713,156.26065508920843
20200,0.04106330638986022,0.041102384582669925,0.0399454090149287,141.3288149692138,77.15248896259592,5.465148138998538,5.46454031052461,194.60347763839948,257.380284253452,192.47942189528837,161.9569944186584,190.8800313094878,159.39167515759257,188.7099526238441,157.46823656772895,186.44642894543924,156.4649841829006
20300,0.041062741398229526,0.04110497131169491,0.039947621523739756,141.3076580070855,77.09906848213623,5.469553115283136,5.468945785662502,194.79779451592543,257.8700945824234,192.65013842877957,162.1291152171506,191.04922547082944,159.5684328614934,188.8937033873128,157.60650682186403,186.60699298758234,156.6682833577557
20400,0.041062237401781346,0.04110745267265578,0.03994976827172992,141.28660614826487,77.0456658651967,5.473899800913902,5.473292926425943,194.98982651494003,258.3558300109335,192.8196025761055,162.299556512142,191.21577164551167,159.7443312222169,189.0751274695068,157.74359475417668,186.76497790984166,156.8704554367117
20500,0.04106179236330998,0.041109829509624975,0.039951847869274276,141.26566560994766,76.99229158342781,5.4781895158261955,5.4775831012329235,195.17961493433728,258.8375355795501,192.98780219509945,162.46834487382682,191.37975979951133,159.919333558089,189.25420625547503,157.87968988456313,186.9204659437735,157.0713423354436
20600,0.04106140436707169,0.041112102124135914,0.03995385914998488,141.24484221969834,76.93895768450118,5.482423548335337,5.48181760856445,195.36721250289463,259.31524158530345,193.15471561641354,162.63550260428931,191.5412954068943,160.0933982858524,189.43091281325465,158.01499875028762,187.073548192637,157.27077233151726
20700,0.04106107096905743,0.04111427089666887,0.03995580066895241,141.22414227148434,76.88566688210891,5.48660315296099,5.485997739492373,195.55265817714158,259.78902713526776,193.32031903282763,162.80107555101796,191.70047197776918,160.26651465373683,189.60522400209732,158.14976384374242,187.2243157838732,157.46854622589174
20800,0.041060790673140446,0.04111633556769094,0.03995767294410267,141.20357032206175,76.83243387221083,5.490729518811828,5.490124669495337,195.73598881492595,260.25890188753976,193.48457966758377,162.96506834407356,191.85740876714496,160.43863561627333,189.77711572920907,158.28428629350327,187.37286641237733,157.66438994808877
20900,0.04106056093368683,0.041118297724294865,0.03995947553069533,141.18313134043512,76.77926688350243,5.49480382973548,5.494199380667676,195.91723985089942,260.7249004168565,193.6474545796685,163.12752668426387,192.01222285050682,160.60973276558988,189.9465688086441,158.4189310646326,187.5192920894927,157.85794272105738
21000,0.04106037918402783,0.04112015728277474,0.03996120818337229,141.16282912088414,76.72616509088645,5.498827186510476,5.498223203145664,196.09644771196182,261.18712739442367,193.80891302327703,163.28849553111817,192.16500841401376,160.77980090732038,190.11354982473637,158.55420058372886,187.6637101311373,158.04873962272126
21100,0.041060244301519944,0.041121915677623064,0.0399628703600994,141.14266651595227,76.67314129140179,5.502800690729955,5.502197112244901,196.2736409532117,261.6455869330272,193.96890868430143,163.44797820274806,192.31589546325696,160.94881581398994,190.27803869598068,158.69074998092685,187.80622368061776,158.23613973389368
21200,0.04106015323652302,0.04112357363817121,0.03996446225876463,141.12264673021969,76.62020057228762,5.5067253742291475,5.506122253033045,196.44885563121932,262.1003362476532,194.12739366184405,163.60600501037595,192.46498548393654,161.1167637840009,190.4400285558843,158.82944791020915,187.94695478922844,158.41928560090452
21300,0.041060103608123955,0.0411251311475541,0.0399659846356553,141.10277069715164,76.56734550557785,5.510602229598935,5.509999622888755,196.62211925752823,262.55144201546955,194.28431462568224,163.76263495486782,192.61240110680518,161.28363187908258,190.59949481359132,158.97137691997432,188.08602341387203,158.5970904715768
21400,0.04106009293964382,0.041126589069008734,0.03996743792921544,141.08304111761072,76.51457911897825,5.514432239099264,5.513830149926159,196.79344999593246,262.9989630587147,194.439624890147,163.9178844869373,192.758247674832,161.44939399722804,190.7564223866409,159.11777797155057,188.2235582320794,158.76833236362387
21500,0.04106011955190975,0.041127947659701854,0.03996882243941105,141.06345925023402,76.46191165889347,5.518216357727021,5.517614728623532,196.96288824867187,263.4429107653478,194.59328136449096,164.07179598758185,192.9026239016059,161.6140476427062,190.9108176301767,159.26971125790985,188.35970023322525,158.93194528800439
21600,0.04106018020413559,0.041129209760897026,0.03997013865260763,141.04402592469418,76.40934560267243,5.5219554617176705,5.521354323098078,197.13045668567963,263.88333856158056,194.74524181278616,164.22440169619566,193.0456446080966,161.77760039780802,191.0626618560722,159.4276855483321,188.4945748445888,159.0874426433813
21700,0.04106027389655103,0.0411303750564297,0.039971388138995576,141.02474165035449,76.35688073098775,5.525650465841277,5.525049871446577,197.2961692882169,264.3203344904767,194.89546890520205,164.37570992797097,193.18739651657026,161.94002563980587,191.2119538714713,159.59133271245372,188.6283383671248,159.23515360086702
21800,0.04106039732478745,0.041131444207346365,0.03997257199298422,141.0056060331163,76.30452429605279,5.529302194104437,5.528702104188382,197.46004587495187,264.75391181891786,195.04392318994158,164.52578157815978,193.32796995311904,162.10130680806023,191.358715423225,159.7595940315665,188.7611299150681,159.3761360150584
21900,0.041060548654327504,0.041132418179633194,0.039973690606796924,140.98661935098485,76.25227671623743,5.53291146252525,5.532311886964394,197.6221085485854,265.184134035058,195.1905680865342,164.6746437649868,193.46745469168755,162.2614712851836,191.50293286232878,159.93115662145476,188.89309729636855,159.5117142189063
22000,0.041060725052348666,0.04113329845741958,0.03997474606291458,140.96778252498106,76.20014478487691,5.536479129319787,5.535879959634506,197.7823796437205,265.61102665897636,195.33536012435164,164.82233156441578,193.60592366010522,162.42048761487308,191.64464381522026,160.1047747768185,189.02440192736316,159.6431107230008
22100,0.041060925081557405,0.04113408522022449,0.03997573931715783,140.94909157881997,76.14812009826773,5.540005895953745,5.5394072504412595,197.94088491956995,266.03471476264747,195.4782902921554,164.96887413118222,193.74344775036087,162.5783675415967,191.7838643401264,160.27946878898888,189.15518033170784,159.7713013757493
22200,0.04106114610972122,0.041134779343441855,0.03997667131514584,140.93054661178803,76.09621085986853,5.543492559405843,5.542894389838835,198.097617238738,266.45520407903365,195.6193250920424,165.11430766715765,193.880091663703,162.73509866901506,191.92062526493115,160.4544834139081,189.28557940206844,159.89700163147472
22300,0.04106138542434538,0.04113538264079112,0.03997754485395076,140.91214611517077,76.04441929265715,5.546939832470016,5.546342110910821,198.2526164392394,266.8725412758761,195.75845459579952,165.2586462589268,194.01591236427814,162.89068450300877,192.05495293890442,160.62929864182786,189.41571068033952,160.02075333882655
22400,0.04106164193625752,0.041135895880648435,0.039978360117423485,140.89388851321934,75.99274796964043,5.550348434028817,5.549751142557953,198.405883763673,267.2867633084243,195.89564882155588,165.40195801363737,194.1509632716417,163.045131013707,192.18689525692375,160.80352239297173,189.54570356839923,160.1429367931464
22500,0.041061913299435995,0.04113631926826237,0.03997911984986523,140.87577151091853,75.94119499377894,5.5537190397490885,5.553122154543355,198.55744281914235,267.69794323246884,196.03090863239427,165.54425451559675,194.28528187805148,163.19842174842768,192.31648950868058,160.97686353794566,189.67563451486868,160.26382772701982
22600,0.04106219761227061,0.04113665427914984,0.03997982443883274,140.85779347754047,75.88976270034439,5.55705231832305,5.556455821169853,198.70729431766776,268.1061243060899,196.16421978805735,165.68557176675623,194.41890809080587,163.35056279585484,192.4437910185791,161.1491169705943,189.80558311040997,160.38360453684666
22700,0.04106249264084078,0.041136902246886264,0.03998047674451722,140.8399520866425,75.83845413023123,5.560348957156184,5.559752920851119,198.85547401656183,268.51134649542763,196.29558007324525,165.82593997367334,194.5518758734319,163.50155713352112,192.56885425650597,161.32014146248213,189.93559741128786,160.50242423365145
22800,0.04106279734060884,0.041137063595302635,0.03998107808243031,140.8222437337459,75.78726480984216,5.563609585694581,5.56301395949519,199.0019875107763,268.9136836266284,196.4249899338055,165.9653738520962,194.68419531149334,163.6513939721638,192.6917480845936,161.4898097639245,190.06570323089235,160.62040310115
22900,0.041063108724629274,0.04113713989489029,0.039981630340685796,140.8046659111165,75.7361936032227,5.566834804032958,5.566239695058094,199.14684989154438,269.313195327893,196.5524557804693,166.1039351355399,194.8158881507612,163.8000861781691,192.81252932214466,161.65803257232454,190.19589286517495,160.7376259380779
23000,0.041063425501565436,0.041137131725507606,0.03998213492607388,140.78721620904474,75.68524492957388,5.570025244809338,5.569430516513449,199.29009168987685,269.7099066745658,196.67799277482996,166.2416184318434,194.94696695588078,163.94762592319867,192.93125253512298,161.82475095838768,190.32615823763456,160.8541365915429
23100,0.04106374573426994,0.04113704089274604,0.03998259436117354,140.76989108549935,75.63441513243471,5.57318145451981,5.572587203383767,199.43171344707173,270.10389494062457,196.8015963045016,166.37847395926792,195.0774426858212,164.09402051539922,193.04800220400352,161.98989477730262,190.45645502392256,160.97000738456973
23200,0.04106406854503176,0.04113686768128607,0.03998300992456382,140.75268661757997,75.58370882429438,5.576304146845365,5.575710232400683,199.57173759744114,270.4951665483614,196.92329913021268,166.51451043456615,195.20732846165401,164.2392641049651,193.162833689209,162.1534334530251,190.58674521243117,161.0853008324726
23300,0.04106439221868352,0.041136613831418305,0.03998338352992708,140.73560095286317,75.53312326337377,5.579393735395532,5.578800245630228,199.71017691292542,270.8837975341533,197.04310813351722,166.64975323942517,195.33661181850113,164.38335698082827,193.27583177341813,162.31534545698048,190.71695474397742,161.20003609753752
23400,0.041064714401281885,0.041136279937750715,0.039983716121648326,140.71862909854013,75.482661169767,5.582450857414476,5.581857709527576,199.84706065211975,271.2698110863659,197.16104799704064,166.78422082413218,195.46529795855926,164.52631819297423,193.38706976831688,162.47558892607128,190.8470169579119,161.31424587136144
23500,0.04106503437019679,0.041135867327876253,0.039984010878913664,140.70176874652307,75.43231984504726,5.585476024264622,5.58488320222619,199.98239987796993,271.65327146875086,197.27714583339363,166.91793893578742,195.59336409261994,164.66814024842242,193.49662932597377,162.63416090501323,190.9768714487739,161.42795499094356
23600,0.04106535142157823,0.041135377255017105,0.039984268867645056,140.68501619790595,75.38209384889572,5.5884697669973304,5.587877389689499,200.1162165466018,272.0342640472144,197.3914266206975,167.0509361131345,195.72080952478032,164.80882949791626,193.60457972799188,162.79104709353007,191.10643791418207,161.54118608484265
23700,0.041065663572611724,0.04113481118592277,0.03998449211772501,140.66836667129544,75.33199314441993,5.591432633804241,5.5908406067577605,200.248529896138,272.4127609086608,197.50391524258197,167.18320423696784,195.84762209743374,164.9483867636136,193.7109894027673,162.94624693357957,191.23565953694654,161.65395988417038
23800,0.04106596960008756,0.04113416978977652,0.03998468203652506,140.6518176111183,75.2820116550419,5.59436512111912,5.59377347902766,200.37935700984724,272.78884119130174,197.61465621136364,167.31477568182606,195.97379233086423,165.0868175830431,193.81593717088296,163.09977125923515,191.3644706725527,161.76632075478057
23900,0.04106626810320637,0.041133454896079544,0.039984839761420546,140.635364637744,75.2321505095468,5.597267719587873,5.596676440500107,200.50871793165172,273.1625460884588,197.72367677142168,167.44564543252073,196.09930497561913,165.22412724195715,193.91949494349362,163.2516089940947,191.4928014512942,161.87827251648065
24000,0.04106655798948185,0.04113266735121948,0.03998496777078138,140.61900432240722,75.18241249820808,5.600140892876887,5.599549987896721,200.63664642602518,273.5339017026529,197.83100540830057,167.57583883103067,196.22413587279806,165.36033703123704,194.02173321503545,163.4017737905675,191.62060969502673,161.9898303649712
24100,0.04106683918402984,0.04113180918429591,0.039985067534901476,140.60273158169358,75.13279330415837,5.602985169757712,5.60239471979701,200.7631637284166,273.9029696543453,197.93669551226756,167.7053504149631,196.34827510806528,165.49544932022283,194.12272894393274,163.5502748903717,191.7478392291479,162.101034112437
24200,0.041067109937285975,0.04113087954586276,0.03998513992024205,140.58654408856134,75.0832901464914,5.605801033763699,5.605210969682574,200.88828895770425,274.26980933583496,198.04078052841624,167.83419741077077,196.47170230435697,165.6294610504341,194.22255114587412,163.6971262939356,191.8744366446579,162.21188298071985
24300,0.04106737091580123,0.04112988213561425,0.039985187467201415,140.57043788277804,75.03390999610505,5.608588902098849,5.607999204139434,201.012037252255,274.63441253093947,198.14330822647412,167.96237750667052,196.59440159045107,165.76238987221828,194.32125002457272,163.8423337242049,192.00037152938805,162.32241407942954
24400,0.04106761999314674,0.041128817048147394,0.03998521163986606,140.5544076717854,74.98464575703366,5.611349242388566,5.610759932232635,201.13444456256505,274.9968597504807,198.24432234252757,168.08989201798425,196.71634760085655,165.89425375497092,194.41889734607432,163.98593701594362,192.12560508201867,162.43264530178783
24500,0.04106785634003582,0.04112768529494226,0.039985212962872795,140.53845199501924,74.93550162248997,5.614082547134268,5.613493627503748,201.25553266679395,275.3571682636279,198.34386957356315,168.21674037168623,196.8375110665394,166.02506512549513,194.5155637885201,164.1279325620185,192.25011096572692,162.54258824330208
24600,0.04106807955878088,0.04112648906407534,0.039985193855094366,140.5225647251465,74.88647585775033,5.61678919090255,5.616200614396583,201.3753295366114,275.71537815864576,198.4420022705717,168.34292069387485,196.95789297957313,166.1548354032183,194.61129529847136,164.26834582997705,192.37385673117296,162.65225910032362
24700,0.04106828879774976,0.04112522880824891,0.03998515507455532,140.50674211562648,74.837567531787,5.619469652636164,5.6188814172396775,201.493857706423,276.07153639849014,198.53877768126333,168.46842815237798,197.07745011760548,166.2835800422665,194.70615212153646,164.40720270202712,192.4968219283133,162.7616637200619
24800,0.04106848411737699,0.04112390692576427,0.03998509813227302,140.49098074941398,74.78878452245087,5.622124334320302,5.621536355561887,201.61114138214816,276.4256225659848,198.63424277419998,168.59326256927653,197.1961694801091,166.41131342378327,194.80017670182767,164.54451571215154,192.61898711011202,162.87083097973039
24900,0.04106866440013023,0.04112252452418541,0.03998502401089672,140.47527716401092,74.74011081684401,5.624753701455779,5.624166068400405,201.72721497636462,276.7777790353604,198.72845606429777,168.7174104905355,197.3140283103334,166.538054288145,194.89343270322618,164.68032524934875,192.7403280113408,162.97976719122485
25000,0.04106882955980191,0.041121082239020196,0.03998493403010295,140.45962816355942,74.69155843064522,5.627358094931038,5.6267707676791625,201.8420988584067,277.12796075699674,198.82146665640454,168.84088356492376,197.43099780323703,166.66382507529013,194.98595578802113,164.8146391624746,192.86084022279078,163.08846734932587
25100,0.04106897964123658,0.04111958341701627,0.03998482998019726,140.4440285416949,74.64312116374992,5.629937947244313,5.629350984515172,201.95582258630222,277.47624258480135,198.91333759666387,168.9636742859637,197.5470551371252,166.78865148135156,195.07780603811364,164.94747446155787,192.98050612361814,163.19695214592682
25200,0.0410691133574664,0.041118028039143835,0.03998471240433841,140.4284745010169,74.59480675928957,5.6324936556223575,5.631907033067797,202.0684104601948,277.8226061177156,199.00414655370847,169.08575138559553,197.66217014151533,166.91253016032235,195.16901929079938,165.07887338057418,193.09931024644652,163.30521774457412
25300,0.04106923104757901,0.04111641739240252,0.039984581796580314,140.41296416625804,74.54661048540494,5.635025574425127,5.634439268321448,202.17989776058963,278.1671076171243,199.09394346936764,169.2071172846317,197.77631175630773,167.03549142626292,195.25962679019213,165.20884741211685,193.21724450609526,163.41326319998097
25400,0.041069332078670966,0.041114754069599586,0.03998443989191426,140.39749284057265,74.49853523138829,5.637534202195954,5.636948218630439,202.2903111598636,278.50976685475274,199.18279842446077,169.3277756951843,197.88945474969842,167.15757516178326,195.34967079955786,165.33743830114014,193.3343201337178,163.52107386743327
25500,0.04106941624789903,0.04111303913710837,0.03998428799627969,140.38205616476225,74.45057222324452,5.640019807916455,5.639434144783675,202.39967502732551,278.8506672912185,199.27077421833368,169.4476875816295,198.0015656139436,167.2787787717898,195.43919179697755,165.4646508908802,193.4505204062132,163.62864208797387
25600,0.0410694830140859,0.041111273539307706,0.03998412652542443,140.36665128673627,74.40273065275692,5.642482822363173,5.641897366995904,202.50802305465172,279.18977562003755,199.35794772213373,169.5668680964558,198.1126116960616,167.39912117276415,195.52821492400554,165.59052162238646,193.56584376425786,163.73595511792965
25700,0.041069532963605375,0.04110945926679954,0.0399839569814708,140.35127431563964,74.35500702012838,5.644923597095818,5.6443385066557195,202.61536931439517,279.52715960737004,199.44438628127475,169.68529952583853,198.22256445492488,167.51864522512525,195.61678063139092,165.71507416280218,193.68027863353564,163.8429978733185
25800,0.041069564305413565,0.041107597836205476,0.03998378026284678,140.33592389523795,74.30740135425297,5.6473424441489914,5.646757693853154,202.72174749053306,279.86283038265816,199.53015996596417,169.8029562433536,198.33138421669938,167.63735599311585,195.70490770238112,165.83832610948153,193.79383251202148,163.94974919354976
25900,0.041069578636311145,0.041105691539317084,0.03998359702297837,140.32059456679772,74.25991561246855,5.649739777747647,5.6491553340641945,202.82718722944915,280.19680728012275,199.61535849067567,169.91985218957996,198.43904074091475,167.7552783181421,195.7926193616959,165.96031206475462,193.90650607577192,164.05617713316664
26000,0.04106957493231829,0.04110374115346737,0.039983407932005006,140.3052840296125,74.21254780231914,5.652115891058505,5.65153173147695,202.93171691721463,280.5291268044579,199.70004644183322,170.03594677800055,198.54547960188458,167.87242306979704,195.87994652938204,166.08105472942606,194.01829689445543,164.1622566886504
26100,0.04106955338354917,0.041101748941015565,0.03998321391277312,140.2899893144618,74.1652989044624,5.654471134784778,5.65388740920733,203.0353609559654,280.8598213076308,199.78431490180816,170.15125869888934,198.6506664353973,167.9888328917802,195.9669115705779,166.20057682115777,194.12921258237677,164.267959345671
26200,0.04106951481015192,0.04109971497168693,0.039983015999038245,140.27470816603594,74.11816858909101,5.656805895459132,5.656222461130377,203.13814072720405,281.18890547269825,199.8682295041762,170.26576892627935,198.7545782545493,168.10449342588015,196.05353456364,166.3188977811192,194.23925645516564,164.37326250831597
26300,0.041069458715886714,0.04109764201676839,0.03998281463776018,140.2594354796815,74.07115978516613,5.659120441756559,5.658537352607588,203.24008315171906,281.5163932763888,199.95187681869442,170.37945802290602,198.85716585186148,168.21945371176827,196.13984271846994,166.4360583865088,194.34843393426564,164.47812807236625
26400,0.04106938378776016,0.04109553098397607,0.03998261013140197,140.24417101042388,74.02427117828432,5.661415162172349,5.660832369102875,203.34122875043315,281.8423217011581,200.0353274858496,170.49232411313548,198.95838788053373,168.3337202994645,196.22584466036514,166.55207949591633,194.45674320985728,164.58252973084768
26500,0.041069291909743524,0.04109338323017553,0.039982404249828636,140.22891057802465,73.97750270460989,5.66369028126684,5.663107779266989,203.44158101472735,282.16670693818446,200.11867759456723,170.6043668637004,199.0582042648678,168.44731522604278,196.31155847543775,166.66698024523293,194.56418699796427,164.68642294821106
26600,0.04106918175027401,0.041091199904767665,0.03998219760874449,140.2136509336299,73.93085340243871,5.665946249903648,5.665363979098264,203.5411838521305,282.4895801975252,200.20199757483633,170.71554898665542,199.156583595871,168.5602523940186,196.39699733976946,166.78078209518893,194.6707699141612,164.78979818938674
26700,0.04106905462855325,0.041088983905606086,0.03998199056220267,140.19838968130696,73.88432595806132,5.668183238091026,5.66760129213018,203.6400463667665,282.81095291077696,200.28535917289622,170.82590195275148,199.25347802275544,168.67255507572352,196.48218787439274,166.89350440572585,194.7765001452596,164.89261320187114
26800,0.04106891027932064,0.0410867356336116,0.039981783683380005,140.18312683375146,73.83791118601873,5.670401610052671,5.669820028537625,203.73818852498627,283.13089773849526,200.36883369775228,170.9354021338224,199.3488585734961,168.78423607208853,196.56712999307973,167.00519217244351,194.88137135108448,164.99483734367237
26900,0.041068748477151626,0.04108445739779583,0.03998157721922632,140.16785749007295,73.7916196001176,5.672601614585248,5.672020396303099,203.83563983487176,283.4493761210963,200.45249572663334,171.04402967453422,199.4426986960488,168.89531156985745,196.65185439572517,167.11584856673267,194.98539281169926,165.09643715964634
27000,0.04106856933409463,0.041082150370204504,0.03998137187719462,140.15258068530613,73.74544769530957,5.674783604776525,5.674202713902098,203.93243534240514,283.766436196182,200.53640103224177,171.15179405869952,199.5349771182477,169.00578900645155,196.7363538621415,167.22550712448125,195.08858534080298,165.19738374085514
27100,0.041068373790466114,0.04107981522305296,0.039981167986232906,140.13729455783343,73.69939328056051,5.676947880682991,5.676367228450518,204.02858263833286,284.0820942726225,200.62059942074987,171.2586814684177,199.62567321460395,169.11568385602516,196.8206588254916,167.33418832419454,195.19093110885098,165.29766189390173
27200,0.04106816152870134,0.04107745443798353,0.03998096675280604,140.12199546465578,73.65345799910868,5.679094623041341,5.678514314143893,204.12410479025667,284.3963763050784,200.7051548515841,171.3646987530302,199.71477809628306,169.22503249525474,196.9047532999616,167.44192288943222,195.2924444865225,165.39724115489838
27300,0.04106793209603079,0.04107506867155201,0.03998076873599396,140.10668275455401,73.60764592344485,5.681224147983447,5.680644266079214,204.2190077841282,284.7092749778152,200.7900986763588,171.4698442124736,199.8022913984772,169.33381155121396,196.98865790513003,167.54873648516786,195.39313666973007,165.49609730324366
27400,0.04106768580187071,0.04107265981402629,0.03998057471666411,140.09135378649427,73.56194580269494,5.683336774879234,5.682757163704036,204.31332413978595,285.02086700648033,200.87546192431546,171.5740999386665,199.88822130118007,169.442053146106,197.07238922748368,167.6546468260193,195.4930017014187,165.59422013913957
27500,0.04106742297812056,0.04107022943226699,0.039980383125487164,140.07600741070246,73.51636882937949,5.6854326706238965,5.684853396138407,204.4070678837393,285.3311216710745,200.96126706885678,171.67746073677117,199.9725830824803,169.54976227610055,197.15594517934804,167.75966351958104,195.59205455179088,165.69158325137633
27600,0.04106714404810637,0.04106777911712521,0.03998019627898172,140.06064185298686,73.47090743411074,5.68751217824083,5.686933315517933,204.50025897795953,285.6400921607996,201.04753131487018,171.7799221845772,200.05539517728332,169.65695918137482,197.2393367697952,167.86382860276768,195.6902900034746,165.78817041919132
27700,0.04106684941624471,0.041065308861263354,0.0399800142171356,140.04525578584364,73.42557179280234,5.68957555677807,5.688997026489303,204.59292054205562,285.94773193665765,201.1342511271986,171.88150671436938,200.13668848681857,169.76365252775486,197.32258036453908,167.9671549585737,195.7877262912492,165.88395614503904
27800,0.041066538956531846,0.04106282114959028,0.039979837292282695,140.02984745277456,73.38035599214149,5.691623006826609,5.691044841353429,204.68506524931067,286.2540939484312,201.2214200340898,171.98220407681796,200.2164969890149,169.86983283377344,197.40567264305113,168.06967974916023,195.88435060538126,165.97893218223484
27900,0.041066212507913306,0.041060317265347264,0.03997966569523115,140.01441625241657,73.33525785775497,5.693654795628292,5.693077013290744,204.77669920572424,286.5592052643409,201.30904425422767,172.08202569197098,200.29488496056777,169.97553715400232,197.4886178215373,168.17141440684932,195.98017865957178,166.07309684644005
28000,0.0410658716460145,0.04105779744967426,0.039979500590515527,139.99895892492376,73.29028425933168,5.695671156680423,5.695093653328433,204.8678515406551,286.86303536873334,201.39709237656803,172.18093941548435,200.37189211236299,170.08076967200896,197.5714204327151,168.2723859699442,196.07521287345313,166.16641890527927
28100,0.04106551538220254,0.04105526431992026,0.03997934222203264,139.98347592678113,73.24542518141821,5.6976722863134235,5.697095109372344,204.95852011368433,287.1656745760818,201.4855478211269,172.27897915596216,200.44757543808933,170.18550915931317,197.6540849607267,168.37261995637144,196.1694550045716,166.25888829003736
28200,0.041065143486593327,0.0410527186276507,0.03997918988583521,139.96796739261515,73.20068099445926,5.699658485329242,5.699081721827776,205.04873256456548,287.46713048643034,201.57438245451868,172.37615384411438,200.5219881224094,170.28980343710467,197.73662896335185,168.4721161718566,196.26291655097256,166.35050764631907
28300,0.04106475596643972,0.041050161521632614,0.039979044950062735,139.9524311352418,73.15605767803387,5.701629969762777,5.70105362185021,205.13849184183096,287.7673843987648,201.66355875146996,172.47243234483634,200.59520337451738,170.39364573700112,197.81904244763277,168.57091485868634,196.35559595693778,166.44125730725156
28400,0.041064354131336335,0.041047593657822526,0.039978907283648585,139.93686535727673,73.11155119314444,5.703586964175242,5.703011024660769,205.22782490064674,288.06646406674685,201.7530560057393,172.56784379216361,200.6672894049879,170.49703537309705,197.9013334263368,168.66904541225983,196.44750155669513,166.53114189601195
28500,0.041063937381880584,0.04104501769356262,0.03997877712859486,139.92127024207844,73.06716062361212,5.705529609926644,5.704954078993738,205.31673786810276,288.36439536345523,201.84281861373688,172.66238188782654,200.7383028434321,170.59997891969073,197.98349492452556,168.76654166908136,196.53863440218143,166.62014267539445
28600,0.041063507342790885,0.04104243317727441,0.03997865476885317,139.90564575521225,73.02288772751892,5.707458149212228,5.706883007969033,205.40523499547325,288.6611708143544,201.93281416502532,172.75604405367793,200.8083170399402,170.70249982645205,198.06553281673808,168.86339568957084,196.62902052192874,166.70824842107834
28700,0.04106306245276981,0.04103984260990172,0.039978540658446096,139.88999213221263,72.9787291640019,5.709372829128684,5.70879807893374,205.4933219533893,288.9568353608961,202.0230090090803,172.84884386606336,200.87740748534037,170.80458531513867,198.1474471528588,168.95962994049765,196.71864229364508,166.7954819475305
28800,0.04106260378398398,0.04103724555267716,0.03997843518179671,139.87430784280716,72.93468667222055,5.711273862665335,5.710699525752789,205.58102499949607,289.2513911360336,202.11336563885905,172.94077448457304,200.94562490676384,170.9062517258908,198.22924690106876,169.0552691805598,196.80750880796467,166.8818098236073
28900,0.04106213114075069,0.041034644333981365,0.03997833882569576,139.8585924656685,72.8907682192862,5.713161391444304,5.712587443682181,205.66834678242984,289.5447982185363,202.20385129148175,173.03185035246034,201.0130383723942,171.00749538673813,198.31093137258108,169.15034965790383,196.89564204977128,166.96723661396646
29000,0.04106164562076016,0.041032038799142176,0.0399782510334255,139.8428463866599,72.84696790420364,5.715035590858995,5.714461961972628,205.7552837513451,289.8370929836036,202.29442354983996,173.12206889224157,201.07972235681365,171.1083287869296,198.3924721347977,169.2448795023811,196.98302634032066,167.0517680717182
29100,0.04106114678106664,0.04102943132847224,0.03997817195812928,139.82706867392957,72.80327638171596,5.716896695606317,5.716323532973126,205.84186350738835,290.1283557607944,202.3850566205433,173.21146312305575,201.14571144935468,171.20877312857445,198.47389378327395,169.33888089859923,197.06968026904636,167.13538020057942
29200,0.04106063432332407,0.041026822216616625,0.03997810235863429,139.81125903987498,72.75970004890395,5.718744883472375,5.718172177309181,205.92808678143297,290.4185586959404,202.47572011246862,173.30001053711166,201.21105802603734,171.30880225788275,198.5551950924843,169.43237355884364,197.15561839277143,167.21807605060826
29300,0.041060109286032286,0.041024212850749094,0.03997804181560043,139.79541782350384,72.7162384321225,5.720580334034317,5.720007931678308,206.0139546428521,290.7076992210323,202.56637402060662,173.38773905510234,201.27584710389942,171.40842765458953,198.63636776423692,169.52537739292924,197.24083598077823,167.29984833112306
29400,0.04105957108766412,0.041021603866488336,0.03997799089395745,139.77954311314846,72.67289186877454,5.72240320810893,5.721831031603652,206.09948779295985,290.9957938003035,202.65699797536243,173.47463043442013,201.34011667332942,171.50764216607226,198.71740127511484,169.6179077410692,197.32534422449996,167.38070141487157
29500,0.041059020598404994,0.041018996602236624,0.03997795018702528,139.76363822422175,72.62965687584328,5.724213677734301,5.7236417719607875,206.18468975647275,291.2828742989377,202.74756543456857,173.56070900204554,201.40390332463988,171.60648377129576,198.7982907011518,169.70997725779432,197.40915339985787,167.46064257105158
29600,0.04105845734909489,0.04101639088519573,0.039977919137595755,139.74770224027478,72.58653246671098,5.726011926708044,5.725440360580439,206.26956833001893,291.5689583799297,202.83804492537809,173.64599449246404,201.46726757694245,171.70494048201448,198.87903694579543,169.8016105366914,197.4922689621502,167.5396659262137
29700,0.04105788131742268,0.04101378903678609,0.03997789761969739,139.73173670766698,72.543514252547,5.7277980782360665,5.7272269347581615,206.35411929278462,291.854077739822,202.9284156136537,173.73047712159797,201.53024323715567,171.80302582117397,198.95962881890424,169.89284586339156,197.57470935235472,167.61776344274892
29800,0.041057293140912464,0.04101119115232153,0.03997788651099981,139.71573897259123,72.5006155135127,5.729572391494554,5.729001608029046,206.4383600873683,292.1381591479879,203.01866226329165,173.81418368213835,201.59289209493315,171.9007272551284,199.04006389936532,169.9836892185698,197.65647091203502,167.6949461552128
29900,0.04105669306480002,0.04100859881513386,0.039977885670407984,139.69971301389862,72.45782769170052,5.731335010372134,5.730764413094224,206.5222986980889,292.42126039930696,203.10875657618638,173.89709259814234,201.65522691349827,171.99805169353144,199.12034215754338,170.07416324486385,197.73757335990203,167.77117569020987
30000,0.041056082405034076,0.04100601187652972,0.03997789536091521,139.68365836862841,72.4151506406858,5.733085968306924,5.732515710426729,206.60593438854664,292.70339144959905,203.198676329474,173.97922179452829,201.71728468474632,172.09502003435395,199.20042793159348,170.1642780835638,197.81801943348717,167.84649131463712
30100,0.041055459642223305,0.04100343248275008,0.039977914667244076,139.66757257630138,72.37258077663161,5.734825480158893,5.734255572759927,206.6892654560725,292.98458281466435,203.28841737696538,174.06059812193962,201.7791095112978,172.19162614212635,199.28034876901634,170.25404478264235,197.89782499827828,167.92089604734005
30200,0.041054825526945546,0.041000860732553684,0.03997794332437674,139.65146027108128,72.33012550168914,5.736553675998293,5.735984070145225,206.77230543849666,293.26478857949513,203.3779550868733,174.1411959766758,201.84071575530876,172.28787469551622,199.36006622430824,170.34347986832452,197.97700512722426,167.99437678235697
30300,0.041054179129290845,0.040998297850689515,0.039977982543690165,139.6353209017733,72.28777893427399,5.738270756043356,5.737701425631023,206.8550536414229,293.54405474102134,203.46727429427173,174.22106237265206,201.90215801388607,172.38376213741483,199.43959380084235,170.43261251408111,198.0555644701523,168.06693240816293
30400,0.041053520899238374,0.040995744105794894,0.03997803174391189,139.6191544355982,72.24554151668137,5.739976839297581,5.739407794353628,206.9375407190428,293.8223970074913,203.5563598874415,174.30018534895538,201.96344708412624,172.4792711835106,199.51890404898475,170.5214539981945,198.13351089459852,168.13856333313117
30500,0.04105285240220471,0.04099320044658758,0.039978091243506486,139.6029626580585,72.20340705612637,5.741672043954422,5.741103221622219,207.01975492763188,294.0998392700778,203.64519664179804,174.37858059479032,202.02460799167216,172.5744301473093,199.5979934239357,170.6100230700851,198.21088329049164,168.2092773152055
30600,0.04105217318581473,0.04099066755317181,0.03997816096166231,139.58674577048177,72.16137896570619,5.743356487665993,5.742788023383732,207.1017042484981,294.3763878576742,203.73377557291946,174.45626170636623,202.08567447941067,172.6692433775896,199.676844637846,170.6983238141679,198.28766104788457,168.27907081663972
30700,0.04105148315640527,0.04098814658197132,0.03997824108183585,139.57050392961824,72.11945916038948,5.745030257953776,5.744462176749422,207.18339462212748,294.65202481569673,203.82209618058923,174.5332283138308,202.146648063805,172.76372915068544,199.75546003801068,170.78635996047635,198.3638694781633,168.34796568086924
30800,0.04105078261957582,0.04098563809074737,0.03997833097931007,139.55424110969142,72.07765196941013,5.746693545243331,5.746125771961198,207.26482083558895,294.9267175966687,203.9101309323589,174.609514262334,202.2075661681695,172.85787683360758,199.83382409765775,170.87417180830965,198.43950700247441,168.41594966842587
30900,0.041050070286593666,0.04098314180549639,0.039978430083205875,139.53795669182972,72.0359475705452,5.748346510444007,5.747779022169383,207.34600221240999,295.2005377060428,203.99788535259555,174.68511359857152,202.26843484208422,172.951679477552,199.91192732293024,170.96176465175324,198.5146042165355,168.48303985553002
31000,0.041049348148986295,0.0409806598230627,0.03997853965457908,139.52165169473398,71.99435241573882,5.749989203287094,5.749421975389805,207.42692732313662,295.4734515773193,204.0853437324999,174.7600144364426,202.32926293762125,173.0451663219897,199.98975745620862,171.04912592651297,198.58916782579888,168.54924778363664
31100,0.04104861486109547,0.040978192808995346,0.039978659505472816,139.50532640208692,71.95285292705293,5.751621753288967,5.751054793599667,207.50762317413643,295.74554610073943,204.1724853387506,174.8342425455558,202.390082757079,173.13830910880395,200.06729745631463,171.1362983431728,198.6631994304687,168.61458127088412
31200,0.04104787106724504,0.040975740545898205,0.03997878892860352,139.48898286950242,71.91145610985352,5.753244316141788,5.752677715244694,207.5880908834073,296.0167879016368,204.2593167208083,174.90784723951364,202.45090273171058,173.23113623398407,200.14454282918587,171.22327242887562,198.73672323961952,168.67903613630972
31300,0.041047117970697704,0.04097330416720218,0.03997892694762818,139.4726228975009,71.87016052012412,5.754856974840325,5.754290697663538,207.66832824755656,296.28718526032713,204.34582879888137,174.98079830854982,202.51173690281138,173.323633619052,200.221478926086,171.31005052631718,198.8097347162697,168.7426343814559
31400,0.04104635426971,0.04097088283913978,0.0399790754409189,139.45624713201138,71.82896992099519,5.756459810666248,5.755893960169564,207.74833563015682,296.55672685274806,204.43201979167225,175.05312759345367,202.57258517229482,173.4158225071678,200.29809904608166,171.39665456056747,198.8822547443934,168.80537042772485
31500,0.041045579694966985,0.04096847942600097,0.03997923324751918,139.43985659171068,71.78788510612485,5.758052995102596,5.757487484184457,207.82813441081652,296.82540043762884,204.51788245127656,175.12481152323264,202.63346325234372,173.5076917990292,200.37438842123387,171.48310242041416,198.9543029827803,168.86725947158934
31600,0.04104479593258888,0.04096609364907724,0.039979399790137225,139.42345455367393,71.74689537228012,5.759636531934524,5.759071422135844,207.90772221335024,297.0932781931163,204.603397435801,175.19588775763327,202.69437543814567,173.5992445115926,200.45033537599252,171.56938166758835,199.025883489315,168.9283428258404
31700,0.0410440014760098,0.04096372681998178,0.03997957576922305,139.40704115764348,71.70600934977959,5.761210571399342,5.7606458556158255,207.9870914623344,297.3603121353872,204.6885710873984,175.2663632053209,202.7553281862612,173.69048376776067,200.52592566557902,171.65549785220438,199.09699978933392,168.98860513876602
31800,0.04104319741592788,0.04096137910842513,0.039979761199722616,139.39061830951437,71.6652239194976,5.762775212514178,5.762210862076123,208.0662628867805,297.62651907141264,204.7733940988007,175.33625304877114,202.81633577755255,173.78141864942907,200.6011485531581,171.7414681331422,199.16766645399485,169.04806795286436
31900,0.041042383142868635,0.04095904960664353,0.039979955467796514,139.37418600393593,71.62453520642212,5.76433062502951,5.7637666117876325,208.14525276483604,297.8919265402112,204.8578506223545,175.40556728359306,202.87739635862857,173.87203671361513,200.67599590223688,171.82727791579532,199.23790758153433,169.10677834714247
32000,0.041041559388825546,0.040956740477726884,0.039980158195138844,139.35774827067667,71.58395108454026,5.7658768066127175,5.7653131648952325,208.22404398585695,298.1564896973496,204.94195538558802,175.47429757751746,202.93850531316238,173.96237756789353,200.7504515945391,171.91294026699805,199.30771778659707,169.16475423751436
32100,0.04104072494200282,0.04095445203173432,0.039980369111999293,139.34130480016333,71.54346010322354,5.767413858026274,5.766850528771446,208.3026562089317,298.420277169287,205.02569871635126,175.54246634559624,202.99967114702065,174.0524073196668,200.82452158046775,171.9984688247083,199.37710677616369,169.22199381452808
32200,0.04103988234192375,0.04095218534140432,0.039980588287821334,139.32485918609518,71.50306533410154,5.768941937371677,5.768379004905114,208.38109503460504,298.68328023131306,205.1090527067148,175.61010923231987,203.06089148805322,174.14214843260928,200.89819220556546,172.08383960465093,199.44609950597,169.27854317146938
32300,0.041039030202770166,0.04094994012409379,0.03998081612293128,139.30841092850244,71.46277884614649,5.770461035709698,5.76989844697199,208.45935331120373,298.9454268893243,205.1920402103489,175.67720458519625,203.1221603995656,174.23160624149196,200.9714381141956,172.16907453360588,199.51468960915494,169.33443512848703
32400,0.04103816800981924,0.04094771604156067,0.03998105252327246,139.2919621479146,71.42258428113264,5.771971350183614,5.771409066044646,208.5374565696639,299.2068109327774,205.2746522508413,175.7437896775034,203.18349500190513,174.32077663081319,201.04427426034553,172.2541680857935,199.58289383939123,169.38968569723397
32500,0.04103729667809181,0.04094551481233931,0.039981296903030324,139.27551303101862,71.38249216201099,5.773472868396794,5.7729109100212215,208.61540106604494,299.4673776531265,205.35688588190374,175.80985125464713,203.24487844619935,174.40967878560315,201.11667833017864,172.3391140828227,199.6507078070383,169.44434463142844
32600,0.0410364170905637,0.040943336364229976,0.0399815493247149,139.25906670393712,71.34248782792903,5.774965724516164,5.774404058906806,208.69319513988367,299.72720237316923,205.43872829377258,175.87545141649014,203.30631664991776,174.49832396133766,201.18862499814847,172.4239104546651,199.71814326270223,169.49847745160872
32700,0.04103552769951043,0.04094118172871023,0.039981809183526694,139.24262661764263,71.30258239338673,5.776449993492555,5.775888697157831,208.770845208096,299.98623776398637,205.52017988724765,175.940563194936,203.3678012889194,174.58669281934178,201.26012960558023,172.50856004894305,199.78521437935336,169.55212463301837
32800,0.04103462923003308,0.040939049751322,0.039982076712510604,139.22619229916924,71.26276928468434,5.777925731314282,5.777364778123308,208.84835509635352,300.24451969251606,205.60122365161308,176.00520379060683,203.42933096118475,174.67476469543237,201.33117162369743,172.59305131470637,199.8519199206488,169.60534825118225
32900,0.041033721220365825,0.04093694269406421,0.03998235130835728,139.20976632156993,71.223053374143,5.7793930264046525,5.778832392444096,208.92572790173352,300.5020124530763,205.68188754292188,176.06941642991137,203.49090035967203,174.76258803783398,201.40174906466294,172.67739322840995,199.9182769592728,169.6581817091416
33000,0.04103280564146216,0.0409348607912366,0.03998263338393698,139.19334958560597,71.18342506605342,5.780851955739994,5.780291674374984,209.0029703007531,300.7587850892981,205.76214753676234,176.13315802463703,203.55249412644105,174.85014790266538,201.47185093979132,172.76156129484673,199.9842759038836,169.71070376537148
33100,0.04103188146546521,0.04093280353740135,0.039982922351353055,139.1769428283012,71.14390273324231,5.782302622393923,5.78174269108976,209.08010719537208,301.01472272996523,205.84200384449878,176.19647057549548,203.61410547318127,174.93744031405495,201.54147586660972,172.84556281606095,200.04993539491713,169.76300217459303
33200,0.04103094798721777,0.040930771723878136,0.039983217393487785,139.1605509070788,71.10447509409161,5.783745102060485,5.783185487499382,209.1571267715888,301.2698972606762,205.92145346321766,176.25936884109615,203.67574203462033,175.02448420476176,201.61060784065666,172.92937834144237,200.11525573694144,169.81513924701983
33300,0.04103000766090701,0.04092876468283703,0.03998351961368286,139.1441718889045,71.06513587086756,5.785179342616111,5.784620211541218,209.23402523436715,301.52434450128123,206.00049231829277,176.32186248665408,203.73738037850922,175.11127869672262,201.679249110625,173.01301765746703,200.18024466210144,169.86722073497089
33400,0.04102905871179439,0.04092678353723589,0.039983828609410625,139.1278108858641,71.02588775942831,5.786605540511144,5.786046719669102,209.31082017069895,301.77804643540424,206.0791242941662,176.38396103756997,203.79902450510266,175.19780204194464,201.74739660557043,173.09646383823332,200.2449020911767,169.91933362814987
33500,0.041028101564162305,0.04092482879484861,0.03998414362366154,139.11146568471614,70.98673218770305,5.7880237401615915,5.787465163734166,209.38752514057364,302.0310022887894,206.1573530771673,176.44569190696598,203.86065368037933,175.2840545794648,201.81504338269679,173.1796914482695,200.30923785474656,169.9715803747629
33600,0.04102713670121809,0.04092290063522586,0.03998446468608113,139.0951417936702,70.94766670920441,5.789433994092501,5.788875797808654,209.46414132802278,302.2832255415949,206.23516072042594,176.50707061006332,203.92225434280655,175.37007509529633,201.8821885164654,173.26272860332068,200.37324968586154,170.02408792448693
33700,0.04102616307386798,0.040920999447677686,0.03998479268257751,139.0788371060639,70.90868856483759,5.790836377779857,5.7902784718549425,209.5406762075602,302.5347324222869,206.31255313274232,176.56807795436143,203.98381691224867,175.45584489724712,201.9488343659695,173.3455487058514,200.43693792707202,170.07695169166647
33800,0.04102518229452045,0.04091912458203919,0.039985125815624085,139.0625557564213,70.86981252000817,5.792230986955621,5.791673489869661,209.61712675409714,302.7854339501619,206.38952490481591,176.62880376704229,204.04535205247956,175.54138050404205,202.01496641492673,173.42814840251955,200.50029591256438,170.13029723720462
33900,0.041024194801659704,0.04091727774479958,0.03998546529045927,139.04629812400583,70.83102326113185,5.793617857002585,5.79306056417139,209.69350459802482,303.03542101861063,206.46608356146075,176.68917975535476,204.10683427111954,175.626658945064,202.0805813957919,173.51050658955117,200.56334001827642,170.184233832444
34000,0.041023199776882825,0.0409154578916951,0.039985810608786074,139.03006651684018,70.79232492877105,5.79499702693902,5.794439924574073,209.76981979568376,303.2846679447725,206.5422266709214,176.7492486473337,204.16824546859766,175.7117092289636,202.14567863857678,173.59261955957984,200.62607169925943,170.23886225576572
34100,0.04102219701107211,0.04091366681359711,0.03998616085835328,139.01386446179825,70.7537071511196,5.796368521386609,5.795811931225591,209.84606906741755,303.5332518008361,206.6179418621357,176.80903996083367,204.22958554147593,175.79652046775334,202.21025222080678,173.67446195255087,200.68848022222932,170.2943021211744
34200,0.04102118756735214,0.040911901994549596,0.03998651625258026,138.99769009285052,70.71518963401422,5.797732478836795,5.797176198386321,209.92224995179063,303.7810349602259,206.69323375291506,176.8685691661884,204.29082990628476,175.88109081593907,202.2743207880519,173.75604248022094,200.75057419283974,170.35061312879154
34300,0.04102017093427189,0.040910165960585713,0.039986877736310475,138.98154798805282,70.67675008256388,5.799089005676968,5.7985329409792215,209.99837937677228,304.0281628166103,206.76810032124231,176.92784578452114,204.3519647273499,175.96540227122387,202.33787409397695,173.8373357270249,200.81234960135956,170.40785219737356
34400,0.04101914840096502,0.04090845770557834,0.03998724384067182,138.96543658728825,70.63841045211025,5.800438088003339,5.799882245457235,210.0744722780259,304.27450428658614,206.84255099667263,176.98688515339123,204.4129911049744,176.04945830315597,202.40089249089516,173.91834484738408,200.87380710310964,170.46606055227133
34500,0.04101811885376008,0.04090677771967236,0.03998761478949682,138.94935841604016,70.60016548108982,5.801779809728773,5.801224167142514,210.1505263057687,304.5200934606696,206.9165790760282,177.0457111719593,204.47387228072768,176.1332748497239,202.4633947482966,173.99905689959584,200.93496883604038,170.52523849859625
34600,0.04101708286388424,0.04090512712260714,0.03998799022076101,138.93331433728414,70.56200362850075,5.803114192826734,5.8025589022656545,210.2265468245771,304.764998139721,206.99018357332952,177.10433892026245,204.53462146529736,176.21684732339804,202.52538950833483,174.07945779752794,200.9957966721304,170.5853844524594
34700,0.04101604045051871,0.04090350370328946,0.0399883705762793,138.91730903435763,70.52392347810084,5.804441272497252,5.803886249551319,210.30252315843376,305.00922352723444,207.0633540862577,177.16277084428106,204.59520396687114,176.30018253101267,202.5868684991152,174.15953125657072,201.0563204056122,170.64643660221805
34800,0.04101499250917205,0.040901909247657846,0.03998875550763776,138.90134172066544,70.48594117377291,5.805761153641088,5.805206303668306,210.37848272733754,305.25266896750645,207.13607923612793,177.22104002911126,204.65562124523404,176.38324842946227,202.64782504016816,174.23926498867567,201.11651253683175,170.70840055060634
34900,0.04101393939462466,0.04090034417910589,0.03998914449273015,138.8854132120607,70.44805482852804,5.807073953798744,5.806519340637603,210.45442154964425,305.4953594332185,207.20839610114263,177.27920441738536,204.71584956228634,176.46607571241196,202.70826767219063,174.31866607910516,201.17638700094832,170.77115671316207
35000,0.04101288102337106,0.04089880671470839,0.03998953791393706,138.86952733100912,70.41024570976022,5.8083795782294345,5.807825291336452,210.5303350438316,305.73739642922936,207.28027554459658,177.3372313667146,204.77586928744145,176.54863864551902,202.7682007389894,174.39771340259196,201.23594443029722,170.83465373308223
35100,0.041011816993707866,0.04089729770109274,0.03998993572737695,138.8536823735027,70.372519059784,5.809678195172568,5.809124127739246,210.60624036190444,305.9787458612158,207.35173338262624,177.39514291517102,204.83567755067165,176.6309235216669,202.82761380635353,174.47639369124565,201.29516697314563,170.89880205352281
35200,0.041010748052724796,0.04089581859645129,0.03999033711077321,138.83788194259535,70.33487697249524,5.810969801264328,5.810416095748254,210.68212791012772,306.2194122680254,207.4227678309622,177.4529877666837,204.89527013019622,176.71293526222402,202.88651958990536,174.5546890627104,201.35406063484896,170.96351055536724
35300,0.04100967357096508,0.0408943670380595,0.03999074223801022,138.82212396172469,70.29733169015215,5.812254423772635,5.81170088209064,210.75800240495204,306.45930543814944,207.49337495676284,177.5107743752113,204.95461936552977,176.79464941080687,202.94494752475566,174.6325868619803,201.4126138390382,171.0286889464271
35400,0.0410085947527472,0.040892943966435606,0.03999115047764607,138.80641373495115,70.25987037868298,5.813532190951634,5.812978979345671,210.8338929928876,306.69851771088406,207.5635612983354,177.56854494273378,205.01370395248048,176.87608024839182,203.0028682178345,174.71007812011007,201.47082679434135,171.09428956342362
35500,0.04100751150562596,0.040891549463120895,0.039991562322381435,138.7907511131196,70.2224930842808,5.814803079488125,5.814250252223581,210.9097641178691,306.9370322068882,207.63331198580784,177.62630825239145,205.0725282876145,176.957216594922,203.06030395669862,174.78717074052093,201.5286995827452,171.1602213566789
35600,0.04100642363216238,0.0408901843373407,0.039991975977219825,138.775136582988,70.18519121156739,5.81606719391005,5.815514639029179,210.98565031839738,307.1749042345826,207.7026286368002,177.6840899259313,205.13108240689115,177.03802874506326,203.1172347618847,174.86384141918882,201.58623348666674,171.22641892326862
35700,0.041005332122610344,0.040888846661413465,0.03999239348679609,138.7595710158321,70.14799264681976,5.817324604713923,5.816772276990712,211.0615376763383,307.41198347553654,207.77152083081225,177.74191051137188,205.18933393234968,177.11850784306182,203.1736922425813,174.9400875693242,201.64339622983127,171.29279248755347
35800,0.04100423649407798,0.04088753751599724,0.039992813592457495,138.74405710216624,70.11087268556422,5.818575354176871,5.818023369014986,211.1374290306917,307.64840280141743,207.83999695288168,177.7998010581727,205.24727494230999,177.1986490400614,203.22966295840993,175.01590091036198,201.7002224662072,171.3593260846489
35900,0.04100313705072003,0.04088625732566373,0.039993236834545344,138.72859487495413,70.07382996459513,5.819819399299926,5.819267841535973,211.2133256149674,307.8841751342701,207.90802849109303,177.85779369843073,205.30490578426964,177.27843188048809,203.28516163388144,175.09124561909064,201.75668446743413,171.42595727998014
36000,0.04100203467522623,0.04088500386005032,0.03999366313114705,138.71318463182055,70.03686647033905,5.821057001814799,5.820505702937983,211.28924894139516,308.1192890242242,207.975645197254,177.91590905159543,205.36221168611553,177.35782349617935,203.34020332011372,175.16611992102938,201.8127759173314,171.49261672158386
36100,0.04100092922996154,0.04088377925014333,0.03999409207365894,138.69782680480628,69.99999295927043,5.822288012485105,5.821736986715034,211.3651861928531,308.35368419269923,208.04284259479476,177.9741727721136,205.41917361487413,177.4368065332912,203.3947812034444,175.24051845021336,201.86851151719887,171.55927564289598
36200,0.040999820335427886,0.04088258251781449,0.039994523412291184,138.6825248892761,69.9632064776433,5.823512589738796,5.822961808598407,211.44112586173762,308.5873712987706,208.10963423603204,178.03265785612484,205.47576645460495,177.51537669545525,203.44889585035241,175.314439732738,201.92386976885538,171.6259105365912
36300,0.04099870866784964,0.04088141269506306,0.03999495658827949,138.66727857499598,69.92649641391796,5.824730686609471,5.824180490188948,211.51709781191389,308.82042945798946,208.17598432435338,178.09139010202273,205.53201034907852,177.59350169718167,203.50257635194572,175.38787734065,201.97884388739752,171.69248242489874
36400,0.0409975939454613,0.0408802702456622,0.03999539241293775,138.65208890710943,69.88987640149695,5.825942413803299,5.825392553137413,211.59307339976183,309.05275880605,208.24192045525706,178.15039449316683,205.5878871847523,177.67112910359813,203.5558163914113,175.46081117059595,202.03344083168102,171.7589130290965
36500,0.040996476082880616,0.04087915589269068,0.039995830415770366,138.63695745238766,69.85333503329684,5.827147794489482,5.826598208922424,211.66907371630884,309.2844274663574,208.30744502569505,178.20973702088259,205.64336525060978,177.7482648122577,203.608619002593,175.53324210223286,202.0876539870528,171.82521309670028
36600,0.04099535724076472,0.040878068054201806,0.039996270141333085,138.62188489262493,69.81688622817998,5.828346885445886,5.827797592237008,211.74508828215284,309.5153691711549,208.37254394113617,178.26940946588834,205.6984600182689,177.8248540199816,203.6609843122834,175.6051399815454,202.14146220483744,171.89136521290376
36700,0.040994236009633214,0.04087700762576099,0.0399967106764459,138.60687140559344,69.78051868522654,5.8295397516413745,5.828990843846894,211.82113095638582,309.7456456586583,208.43722367962178,178.3295141377243,205.75315154151448,177.90088572193528,203.7129300665457,175.67651214252746,202.19487634154203,171.95734030140022
36800,0.04099311311891064,0.040875973047276366,0.03999715370061013,138.59191699070777,69.74422714679844,5.8307264719289655,5.830177871000955,211.89719373446,309.9752802278709,208.50150400052527,178.39006460493204,205.80743790285203,177.9763199385384,203.76445396968774,175.74735835210018,202.2478935945671,172.02310636821272
36900,0.04099198826914838,0.04087496654839161,0.03999759854836526,138.57702364850073,69.70802095600989,5.831906997949868,5.831358702363066,211.97327921135656,310.2042240009865,208.5653482557402,178.45109789512202,205.86130135496225,178.0511156272323,203.815582366825,175.81766423784,202.3005068019601,172.0886345549778
37000,0.040990861557946685,0.04087398503196999,0.03999804326979837,138.56219041190334,69.67189315610668,5.83308141125725,5.832533494729344,212.04938475914685,310.43252251193525,208.62878961697658,178.51267577835415,205.91474732977034,178.12523920277815,203.86630427443703,175.88740216087055,202.35270734735838,172.1539288438997
37100,0.040989734397700435,0.040873028982018694,0.03999848949672573,138.54741793357678,69.63585279240304,5.83424980727182,5.833702066728532,212.1255080544863,310.66011046099896,208.69182845240394,178.574826044005,205.96774724268312,178.1986626497977,203.9166312140962,175.95658469471445,202.40448870284445,172.21895814009065
37200,0.04098860556494829,0.04087209933627014,0.039998936769564154,138.5327098733977,69.5998889414326,5.8354121434118085,5.83486460357521,212.2016343317978,310.8870556728961,208.75445549309904,178.63759851616624,206.0203131073506,178.27135247353738,203.96657194065992,176.02522564068775,202.45584036626073,172.2837215606591
37300,0.04098747668778607,0.04087119384462603,0.039999385236105925,138.5180648888036,69.56401827026286,5.836568583403135,5.836021279663641,212.27778197732783,311.11327570766207,208.81669258089377,178.7010118165899,206.0724387593467,178.34330034698223,204.0161338225172,176.09328037683142,202.5067648997404,172.3481830037885
37400,0.04098634694518914,0.040870314562928556,0.03999983334232753,138.50348214735106,69.52822317784815,5.837719126120172,5.8371720988256595,212.35394773856495,311.33887026587365,208.87853012541612,178.7650756802073,206.12411547425415,178.4144635005628,204.06532344255655,176.16075621077226,202.55725523685797,172.4123547839054
37500,0.04098521653286815,0.04086945990327139,0.040000281737400646,138.48896529111818,69.49251548793866,5.83886378526936,5.838317005940063,212.43012109063886,311.5637677691894,208.93996389423734,178.82983053725707,206.17532406032404,178.48485256981562,204.11414888852065,176.2276499770516,202.6073044336543,172.47621547892487
37600,0.04098408454276736,0.04086862953903137,0.04000072950454417,138.47451379777374,69.45688491402721,5.84000261163509,5.839456028694963,212.50630377431435,311.7880172058873,209.00099654910255,178.8952824778256,206.22608517386433,178.55447805342283,204.1626117084641,176.2939563008226,202.6569169387404,172.53976877235945
37700,0.040982953137459276,0.04086782278165733,0.040001178165183233,138.46012553892876,69.42133540121021,5.841135704803379,5.840589419618046,212.58249023615656,312.011617631798,209.06163515679765,178.96138127259275,206.27638312581965,178.6233277094633,204.21073000472717,176.35967684049504,202.70610082322168,172.6029874786676
37800,0.040981822194403064,0.0408670411941449,0.040001626826814345,138.4458035786841,69.38585820295917,5.8422629480908075,5.841717166741974,212.65867716640412,312.2346111978346,209.12187551702198,179.02816600088673,206.32620586131543,178.69145757381958,204.25850022346458,176.42479694954585,202.7548316673079,172.66587969545137
37900,0.04098069120918905,0.040866282304760276,0.040002075683775014,138.43154553504658,69.35047247586705,5.843384613946075,5.842839169383775,212.73488141126847,312.4568846331374,209.18173546086035,179.09556545181385,206.37556056356087,178.75886396917056,204.30593006477616,176.48930927431286,202.8031126857607,172.72841822994957
38000,0.04097956014090001,0.04086554633039843,0.04000252464237917,138.41735616051474,69.31516900808995,5.844500643922677,5.843955359708372,212.81108477822346,312.67848251121836,209.24120627353759,179.16355205443116,206.42443693361383,178.82560904307897,204.3530369741683,176.5532155861699,202.85093721833812,172.79061389229705
38100,0.04097842977045204,0.04086483249865063,0.040002971695799944,138.4032329646359,69.27993964369345,5.845611040357041,5.845066140360059,212.88728723270734,312.8994768093289,209.3002951805527,179.2320962774972,206.47283556034412,178.89176466850668,204.3998269152072,176.61651209441803,202.89830344013725,172.85245401319494
38200,0.04097730002936204,0.04086414191940726,0.040003417222145995,138.3891749868032,69.24479254272535,5.846715889216964,5.846171454422571,212.96348935985787,313.1198046042802,209.35900050366627,179.30117927675718,206.52076128145976,178.95736086569298,204.4463013465338,176.67920943202446,202.94521184261495,172.91395468726896
38300,0.04097616998641581,0.0408634723895027,0.04000386263974485,138.37518545752934,69.20971801973494,5.847815343442964,5.847271243619709,213.03969253253726,313.33951800528047,209.4173175887358,179.370716083883,206.56820170248005,179.02246506384634,204.49245683518393,176.74128587324117,202.9916558457105,172.97508272551224
38400,0.04097504082007944,0.04086282588336482,0.04000430556526973,138.36126301327377,69.17472697081196,5.8489092443774,5.848365483662378,213.11589356531073,313.55856253005976,209.47524655896837,179.44061286245204,206.61515608989984,179.08711164847082,204.5383167726925,176.80276326285275,203.03764312810603,173.03585343686456
38500,0.0409739135385303,0.040862200340465574,0.040004747678930516,138.34740805488647,69.13982518718453,5.849997727706276,5.8494541935742195,213.1920691193246,313.77690469119204,209.5327958120809,179.51085728277934,206.66163287565251,179.15136434926063,204.5838737779634,176.86359885757264,203.08316870871036,173.09626088187875
38600,0.0409727874276458,0.04086159609426459,0.040005188275342815,138.33362085193804,69.10499029685666,5.8510808291024246,5.850537597799852,213.26821962439658,313.9946814675718,209.58998176050906,179.5813656815954,206.70763394714535,179.21527833138714,204.62914578938057,176.92381685069444,203.12822581819157,173.15628686364525
38700,0.04097166251430414,0.040861011646006425,0.04000562717759842,138.3199012334942,69.07024205055659,5.852158675797773,5.851615606757028,213.3443631140368,314.21177061970667,209.64680723972722,179.65209176185576,206.75314683456907,179.27889931614567,204.6741468656164,176.983415159251,203.17281970112148,173.2159177213725
38800,0.04097053904869282,0.04086044720856994,0.04000606406564863,138.30624970788477,69.03558734880816,5.8532312734624625,5.85268833395082,213.42047321452313,314.42813368408275,209.7032584678359,179.7230133165194,206.79819305703182,179.342308915777,204.71887806703197,177.04240730446284,203.21695169453355,173.27518305090726
38900,0.04096941635440366,0.040859902727272794,0.04000649758848741,138.29266513573324,69.0009893931602,5.854298518825966,5.8537558742818545,213.49653908516882,314.6439810900448,209.75935485540572,179.7940831535568,206.84275100646246,179.4055375774928,204.76333828621435,177.10079663680628,203.26060754726026,173.334076864397
39000,0.04096829606409481,0.04085937893143748,0.040006929408324426,138.27915048419132,68.96646904340464,5.855360553245836,5.854818414533736,213.57257354157701,314.85922608616045,209.81508831762648,179.8652164728789,206.88684000461643,179.46860988455802,204.80751354043633,177.1585601020636,203.30379539139017,173.39259744695212
39100,0.04096717702788771,0.04085887378255515,0.0400073587986515,138.26570319843253,68.93202801020263,5.856417502704179,5.8558757256256335,213.648579581376,315.0738268542701,209.870464804969,179.9364152730069,206.9304563962304,179.53154443814873,204.85144518867514,177.21569781089957,203.34652553418326,173.45073245060422
39200,0.04096605946800364,0.04085838683083948,0.04000778584885211,138.25232555202473,68.89767903083738,5.85746923426006,5.856927741370841,213.72453850354486,315.2876975900672,209.9254907565824,180.0076333540691,206.9735867452761,179.59445395359,204.8951064358276,177.27222895104228,203.38878277262427,173.50849683377345
39300,0.04096494417147416,0.040857919180597224,0.04000820973988625,138.23901446863766,68.86340236773124,5.858515845574408,5.857974756940906,213.8004534870776,315.5009855165694,209.98016415803113,180.0788133988502,207.01624424457523,179.65731783454987,204.93852922245338,177.32813483412204,203.43058809488383,173.56586368604093
39400,0.040963830872825784,0.040857468954794585,0.04000862937277024,138.22577165480885,68.82920886636688,5.859557513708093,5.859016799309412,213.87630822407436,315.7136154605485,210.03449858603773,180.14995898903857,207.05844972490263,179.7201567884129,204.98170352312334,177.3834412890567,203.471919637069,173.62287182121247
39500,0.040962718801403765,0.040857036599845346,0.040009044997230354,138.2125970871008,68.79509288207056,5.860594224601876,5.860053825465632,213.952100566885,315.9256212875301,210.08850216329282,180.22104053447708,207.10018395038608,179.78300419253884,205.02463101203736,177.43814342960505,203.512782944837,173.67948775923
39600,0.04096160801009937,0.04085662121666032,0.040009456996651704,138.19949196949472,68.76105890063972,5.861625934686185,5.861085838800682,214.02783205453682,316.13697092459665,210.14215740001677,180.29204391280877,207.14145505667668,179.84586014529137,205.06733279477783,177.4922505156643,203.5531956470715,173.73572267995402
39700,0.0409604998586267,0.04085622265438535,0.04000986555799341,138.1864549290935,68.7271004973748,5.862652793483421,5.8621130637840295,214.10349349395239,316.3477148685011,210.19547531006202,180.36293712242872,207.18228635879836,179.9087724084694,205.10980564112901,177.54577806020694,203.5931612872237,173.7915962522739
39800,0.0409593945068808,0.040855840726063825,0.040010271144248245,138.17348459443917,68.69322541138214,5.863674762762562,5.863135259406535,214.1791038423914,316.5577941482644,210.2484425258787,180.43367649532956,207.22265926425013,179.97170125324718,205.15204204698364,177.5987064580808,203.6326718007756,173.84708998815725
39900,0.04095829142370819,0.040855476503485734,0.040010672230653535,138.16058335221177,68.65942845126752,5.864691818724087,5.86415270957667,214.25462407495058,316.7672566063968,210.30109822691415,180.5042466696853,207.26258566050853,180.03473928376505,205.19404570783163,177.65104480781085,203.67172324952904,173.90221084746128
40000,0.04095719126843777,0.04085512666072761,0.04001106874694933,138.14774918617184,68.62570997081842,5.8657040713351725,5.86516539148123,214.3300774806144,316.9761049216348,210.35342191837472,180.57466093710815,207.30205892482937,180.09781466423263,205.23583254715317,177.70279757771135,203.71034723169288,173.95696464048606
40100,0.040956092953570646,0.04085479234327121,0.04001146164870389,138.13498121765292,68.59206491837534,5.866711714158781,5.866173316116024,214.40545231702194,317.18435291279775,210.40543379172567,180.64487831543664,207.34111018169216,180.16095395635796,205.2773973771815,177.7539702306963,203.74853182450863,174.0113631477921
40200,0.0409549982460519,0.040854473633101955,0.04001184944322573,138.12227983084964,68.55849710240506,5.867714500440332,5.867176512143403,214.4807127387113,317.39198092469275,210.45713395241296,180.71489105692004,207.37972771747704,180.22420966691058,205.31875839479022,177.80456652462613,203.78629535978862,174.06537775425383
40300,0.04095390649874648,0.040854170138360554,0.040012230337114346,138.10964678354526,68.52500048591509,5.868712625512709,5.868175161728776,214.55588241117815,317.59903494890307,210.5085058272058,180.78469478474454,207.41791557176134,180.28755362832575,205.35989074853418,177.85460927018062,203.82363178396508,174.11904439036948
40400,0.0409528174644505,0.04085387965576423,0.04001260853438851,138.09708224945084,68.4915930825948,5.8697061417174865,5.869169079444608,214.63094217521652,317.80539921680185,210.55956384000532,180.85430104428144,207.45568283604922,180.3509391780471,205.40082484283755,177.90409460300955,203.86053629370343,174.17234982664945
40500,0.040951730713427094,0.040853604756110606,0.040012979739729025,138.08458091320418,68.4582676786724,5.87069508463189,5.870158336790378,214.70591109423262,318.01112811502065,210.6103326648808,180.92368168403743,207.49304390498935,180.41440410407583,205.44154512763217,177.95301183309945,203.89702964654333,174.22529273582848
40600,0.040950647448546096,0.04085334237437859,0.040013346471106964,138.0721474497436,68.42502204823951,5.87167954992347,5.8711429465007035,214.7807598276071,318.21622285926674,210.66078411942925,180.99282988665536,207.52999423340654,180.4779746970631,205.4820657337269,178.0013780777637,203.9331310980309,174.27787745921094
40700,0.04094956718609907,0.040853093248790044,0.04001370648450681,138.05978046499283,68.39184109983451,5.872659445178698,5.872123236092782,214.85549846735833,318.42078777747554,210.71094289172305,181.06174774236558,207.5665486550138,180.54160504411075,205.52238003293573,178.0492168222097,203.9688287440168,174.33014064393436
40800,0.04094848919383423,0.04085285824431096,0.04001406103594955,138.04747980008764,68.35873550620339,5.873634824312742,5.8730989497277015,214.93011041453877,318.6247586276091,210.76079006309612,181.13040281869596,207.60269988739807,180.60533147618267,205.56247289890524,178.09650807771362,204.0041436655159,174.38204553578635
40900,0.04094741376189667,0.040852635586109964,0.04001440982408702,138.03524404948604,68.32572505854647,5.874605670048932,5.874070080803922,215.00459348257098,318.82801969113376,210.810348184547,181.19880398249407,207.63846697726913,180.66910676249282,205.60236637794893,178.14325688726376,204.03905999432797,174.4336093201638
41000,0.04094634295303004,0.040852425125447824,0.04001475178921919,138.0230727861504,68.29278384995675,5.875572162405312,5.875036860698011,215.0789518065656,319.0307106515998,210.859609055672,181.2669683607525,207.67385197550195,180.73296736521678,205.64206241039352,178.18952600343513,204.07359740073954,174.4848464504176
41100,0.040945274899360964,0.04085222661582844,0.040015088435535896,138.01096950933209,68.25993106237264,5.876534338187834,5.875999307393872,215.1531661059241,319.2327345883592,210.9085816663495,181.3348671766823,207.7088685517502,180.7968959065757,205.6815594669894,178.23527711222386,204.10776931497463,174.5357656279792
41200,0.0409442090013365,0.04085203919198112,0.04001541924671635,137.99892756757825,68.22714948117905,5.877492162250013,5.87695749050254,215.22724090127392,319.43419447017243,210.9572875397754,181.40250630711213,207.74353075659442,180.86088309071775,205.72084900120765,178.2804987309297,204.14159177036925,174.5863526370861
41300,0.040943147393834874,0.040851863350130156,0.04001574356574051,137.9869518637251,68.19444686617993,5.878445750775923,5.877911455980475,215.30117427554356,319.6350500163382,211.0057055429297,181.4698610107589,207.7778350027768,180.92492189495687,205.75993826113088,178.32522310833136,204.17506676936813,174.6366161698344
41400,0.040942089520560915,0.04085169894108952,0.040016060765414335,137.97503895617814,68.16183459411468,5.87939501323057,5.878860861454482,215.37494935424925,319.83522061936213,211.0538613053733,181.53693363777708,207.81179084783378,180.9889951318088,205.79883391989475,178.36942530905384,204.20819242513736,174.6865432361643
41500,0.040941033717048866,0.040851546086690546,0.0400163714587505,137.96319033441318,68.12929117342566,5.880340054771117,5.879806245458102,215.44857356761779,320.03484493697147,211.10173448929066,181.60377689394022,207.84538542481312,181.05309478045191,205.83753853022682,178.41316010875292,204.24099304078322,174.73616452041816
41600,0.04093998114168839,0.04085140224480885,0.0400166748405409,137.95140452790727,68.0968214597777,5.881280846943693,5.880747491870604,215.5220199361879,320.233896451835,211.1493360110755,181.67035101581706,207.87865341528982,181.1172305941864,205.87604954844457,178.45641476243705,204.27346007546552,174.7854853490189
41700,0.04093893208861539,0.040851268986156215,0.04001697152096795,137.9396832280989,68.06443912638571,5.882217489813982,5.881684448065416,215.59530490133528,320.43229240232745,211.1966710511043,181.73663338827868,207.91158494958074,181.18138044266854,205.9143554655709,178.49918260998209,204.3056027446453,174.83449095765553
41800,0.04093788749187464,0.04085114603291521,0.04001725980371041,137.92802442583135,68.03212805376694,5.883150137650176,5.882617336680988,215.66840932505568,320.6301239943832,211.24376288627593,181.802673979377,207.94421162538782,181.24550417833345,205.95246604026835,178.5414987796048,204.33745766365487,174.88320918222888
41900,0.04093684688580592,0.04085103300579406,0.04001754132812471,137.9164268309608,67.9998963194001,5.8840786838004755,5.8835461771885225,215.74135360892254,320.827341870178,211.29059422328817,181.86844675412954,207.97652952711562,181.30962651894276,205.99038381338607,178.58336308967714,204.36900243775798,174.93166479056418
42000,0.04093580942184747,0.04085092942599875,0.04001781583248695,137.90489165301773,67.96773131007397,5.885003114844324,5.884470879454206,215.81412134966948,321.02402688929595,211.3371767730766,181.93395034844121,208.008538236657,181.37374940924892,206.02810499641168,178.62476936192581,204.40027386935674,174.9798005950663
42100,0.040934775469295206,0.04085083467041517,0.04001808165268531,137.89341585268514,67.9356531438733,5.885923544175806,5.885391665376067,215.8867209296731,321.2200748202286,211.38349929696025,181.99918661722438,208.04025434575829,181.4378044104619,206.06563529054512,178.66575619716247,204.43126927570037,175.02768001176128
42200,0.04093374523056728,0.04085074960937533,0.0400183389253246,137.88200196947696,67.90365737186902,5.8868400247466255,5.88630841897245,215.95911755887323,321.4154994633558,211.42958513862405,182.06415057991106,208.0716908082118,181.50186333990584,206.10295969869009,178.70626623703708,204.46200118014943,175.0752886325623
42300,0.04093271947887754,0.04085067237083974,0.04001858898360135,137.87064700716164,67.87174592837994,5.887752610659159,5.887221309982086,216.0313294789405,321.6103038637131,211.4754107477678,182.1288784343185,208.10285791957415,181.56582406798594,206.14009577818678,178.7463735530212,204.49251108885528,175.12263280371278
42400,0.040931697883526456,0.04085060366051684,0.04001883161411044,137.85935298189605,67.83990778242553,5.888661122419148,5.888130183805132,216.1033409569325,321.80453700444644,211.52100058270352,182.19332261808938,208.13374933672094,181.62971834974869,206.17702290483635,178.7860566066694,204.52275502212794,175.1697093192087
42500,0.04093067967428671,0.04085054430312333,0.040019066731022644,137.8481195562818,67.80816364107058,5.88956584925783,5.889035132590206,216.17515754643847,321.99808708074056,211.56635798834583,182.257570819103,208.1643908717811,181.69350072196477,206.213758235445,178.82530164951618,204.55276642537484,175.21653582498158
42600,0.040929665799295405,0.04085049315077842,0.04001929318953596,137.83694367570473,67.77648534648617,5.890466709127093,5.889936388703105,216.24676812756195,322.19111689036595,211.61147724013915,182.32158419332112,208.19478770531268,181.75719272871103,206.25027684367674,178.86413725548232,204.5825747168892,175.26310376744675
42700,0.04092865717838133,0.04085044924985336,0.04001951126395685,137.82582732295333,67.74488946699643,5.89136381626954,5.890833660125719,216.3181811272449,322.383535163797,211.65636890844576,182.3852979398017,208.2249381169051,181.82079814253947,206.28660830632737,178.90256665238468,204.61218827974625,175.30941684563737
42800,0.04092765363873484,0.04085041337732755,0.04001972080030778,137.8147694281187,67.71336344171952,5.892257068309198,5.891727160639428,216.38937179557314,322.5754096214752,211.70103574522284,182.4488158155769,208.25486909455938,181.8842811293296,206.32273538905437,178.94060786289668,204.64158806847698,175.35550413754999
42900,0.0409266532468022,0.04085038426537119,0.040019922072000474,137.80376856941652,67.68191554704815,5.893146648414298,5.892616943741934,216.46035349837666,322.7666996510505,211.745472960096,182.51210716589662,208.28457032187987,181.94763715193668,206.35866648693585,178.97823544492357,204.6707995958308,175.40136449096568
43000,0.0409256570828313,0.04085036219853727,0.04002011503212509,137.79282334042495,67.6505383233229,5.894032481785134,5.89350303654533,216.53112496579413,322.95744885642455,211.78969270799067,182.575167049688,208.31404769066071,182.01083302647098,206.39440962167487,179.01550330736939,204.6998578619521,175.44699535935837
43100,0.04092466572760918,0.04085034704135677,0.04002029950855005,137.78193657908167,67.61925540553376,5.894914560513607,5.894385300220347,216.60167578550647,323.14751264150163,211.83369160410592,182.6380327779264,208.34333336183136,182.07383394873764,206.42996106025873,179.05237965404766,204.72873656654542,175.4924221880007
43200,0.04092367851373374,0.040850338847851934,0.04002047653406848,137.7711068213673,67.58804933391855,5.895792995039195,5.895264070736807,216.6719904950548,323.3370228467548,211.87748537027355,182.7006796335045,208.37241105621345,182.13665596350157,206.46531538398193,179.08885786301818,204.75745446023018,175.53762638806094
43300,0.04092269626220406,0.040850338707522,0.040020644037723326,137.76033232876583,67.55692308205077,5.8966678517541515,5.896139160371176,216.74209548401492,323.5259389908601,211.92105155165603,182.76312644371086,208.40130011675365,182.199275368218,206.5004684919439,179.1249786205839,204.78603663934734,175.5826003362868
43400,0.04092171846165038,0.040850344595009705,0.040020804346738575,137.74961240650256,67.52587435490601,5.89753906552805,5.89701079930995,216.81194863583593,323.71427722649526,211.96443752617395,182.82539710599428,208.43002046801445,182.26169998663406,206.53541845832623,179.16075393408886,204.81449691112354,175.62741162614446
43500,0.04092074706059117,0.04085035681786572,0.04002095519611341,137.73894904749315,67.49490516550733,5.898406727245984,5.897878627625679,216.88157990766112,323.90202239534614,212.00760741649304,182.88747470638825,208.4585636882245,182.32387875780933,206.57017934143508,179.19614223789597,204.84283751105923,175.672018831923
43600,0.040919779430755455,0.04085037437580269,0.04002109740570447,137.72834114373023,67.46401350668393,5.899270773241511,5.89874284351979,216.95096829057007,324.08919945907394,212.0505696672664,182.94935117420422,208.4869547102201,182.38582489731786,206.60473164352945,179.23116147618722,204.87104873200235,175.71643155028167
43700,0.040918816715157576,0.04085039755271113,0.04002123044896961,137.71778564687992,67.43320388789449,5.900131333107006,5.8996037562479895,217.0201102442227,324.27578685783504,212.0933381466138,183.01108668249952,208.51517457492258,182.44752146913333,206.63909976503024,179.26584573076624,204.89917099494403,175.76067772372255
43800,0.04091785832453494,0.04085042677701168,0.04002135483893997,137.70728486334895,67.40247503417197,5.900988399901363,5.900461072816605,217.08900858201085,324.46178159669773,212.1359055029471,183.07268321856185,208.54324407285915,182.5089262313085,206.67328060992813,179.30018160030178,204.9271914193652,175.80473281969824
43900,0.04091690521380325,0.040850463368872214,0.040021471444662164,137.69683788834246,67.3718276046637,5.901842076555909,5.90131504623611,217.15766946043334,324.64718933683884,212.17828201684344,183.13411143224542,208.57119483659702,182.5700607848077,206.70725306516286,179.3341862175752,204.95514462980748,175.84860761803074
44000,0.040915957987152925,0.04085050469470572,0.04002157870476872,137.68644220458293,67.3412559671704,5.902692257873692,5.90216568038583,217.2260837533309,324.832059621354,212.22045858872423,183.19540580882338,208.59901074820732,182.6308549586644,206.7410400994327,179.36783899269386,204.9830167508918,175.89232967435495
44100,0.04091501722439918,0.04085055064661083,0.04002167824216646,137.6760991832531,67.31075344717765,5.903539102927892,5.903012951184021,217.29425172627285,325.0164067210419,212.26246310288442,183.25657691826902,208.62670493964953,182.6913433024495,206.774669454011,179.40117096367592,205.01082569743846,175.93589341326623
44200,0.04091408166683801,0.040850601885541904,0.040021767947575046,137.66580620690306,67.28032696024664,5.904382545870262,5.903856698386384,217.362174294047,325.2001859409947,212.30426544313954,183.3176486229126,208.65429624797707,182.75146090259992,206.80809203047542,179.4341834945184,205.03857873852002,175.97931840244894
44300,0.04091315150139412,0.040850658534327566,0.04002184897203837,137.6555664348034,67.25000135810491,5.905222568058286,5.904697057300954,217.42984211520823,325.3832772532263,212.34588463748184,183.3785855313037,208.68177278918446,182.81124352521056,206.8413101288116,179.46687181959496,205.06630589286914,176.02259677357605
44400,0.04091222706952519,0.04085071980446178,0.04002192155024937,137.64537830654362,67.21975504543698,5.906059257697363,5.905534149829854,217.49724464466925,325.56579189127234,212.3873159737268,183.43940878860442,208.70914519649907,182.87069152346876,206.87436291939122,179.49924892951353,205.09399514938454,176.06575202564397
44500,0.040911308875782176,0.040850785730600664,0.04002198718199418,137.63523741799685,67.18958340696732,5.906892707878183,5.906367968945433,217.56439825169534,325.7477643008788,212.42859718982396,183.50013980138624,208.73643500943857,182.92974222097115,206.90725107666893,179.5312992597379,205.1216597459719,176.10877636082927
44600,0.04091039569965869,0.04085085683436057,0.040022043381036286,137.6251468100432,67.15950450612989,5.90772290521845,5.907198351501202,217.63128831778076,325.92908428478825,212.4696820983364,183.56078590459794,208.76365151000678,182.98842658352706,206.9399497922157,179.56303611934413,205.14930995850762,176.1516786545659
44700,0.04090948881500505,0.04085093283001887,0.04002209154065195,137.6151068628927,67.12948957600112,5.9085498604158975,5.908025848052202,217.69791878090936,326.10994663220896,212.51058522051457,183.62140241980234,208.7907772347958,183.04670142812213,206.97247317069653,179.59448207553456,205.17695329308745,176.19443809370784
44800,0.04090859003515231,0.0408510129314668,0.0400221303037206,137.6051128668934,67.09955293435478,5.909373556461542,5.908849965531171,217.76428126802392,326.2902350130979,212.5513236218831,183.68192459219296,208.81783874863333,183.10455989218224,207.00483517115498,179.62560360926915,205.2046147603588,176.2371139767202
44900,0.040907696591170654,0.040851098026435266,0.04002216010383995,137.5951665222746,67.06970181599121,5.910194012386149,5.909670966825674,217.83039050256633,326.4699311870364,212.59189700275763,183.74236387748581,208.8448454930964,183.16199786900336,207.03702880828226,179.6564367168547,205.2322858018227,176.2796832415576
45000,0.040906809606820686,0.04085118666101464,0.04002218259754564,137.58527080936247,67.03994517886049,5.911011361968055,5.910488681242055,217.89621246893577,326.6489722449389,212.63229391060753,183.8027504235744,208.87181355409007,183.21898129506485,207.06904445959472,179.68698530076753,205.2599659425766,176.3221573043923
45100,0.04090592900595939,0.04085127930056188,0.040022197758341066,137.57542395879457,67.0102615161918,5.911825624607502,5.911303195537578,217.96176740300882,326.82748947875496,212.6725353655001,183.86307691295715,208.89871145070185,183.27554023550582,207.10091106652567,179.7172273601438,205.28767255684937,176.3645185810671
45200,0.04090505562979531,0.0408513762658773,0.04002220357111587,137.56562335312296,66.98065038334498,5.912636683727965,5.91211478521737,218.02705748132232,327.0055013570726,212.71261179527443,183.9233474128725,208.92558153033852,183.33160643142676,207.13260355413684,179.74719529011708,205.31540347404066,176.40679430578086
45300,0.04090418847864679,0.04085147804940772,0.04002220077649574,137.55587023971145,66.9511131335122,5.913444668224975,5.912923327619389,218.09206795509647,327.18298478782737,212.75252742191634,183.9835713031027,208.95241711116074,183.3872164761979,207.1641584410585,179.77688646500818,205.343164556977,176.44900693278626
45400,0.040903328478194,0.04085158466379387,0.0400221899847277,137.54616110888642,66.92166027934095,5.914249612511032,5.913728694769848,218.15681285512562,327.35987698248886,212.7922769032941,184.043766855638,208.97923538160748,183.44237564604052,207.195573241939,179.8062951863339,205.37098607929227,176.49114350307232
45500,0.04090247567217425,0.040851696080419636,0.040022171875830535,137.5364969902378,66.89228825471291,5.9150515675076765,5.914530939191576,218.2213013327125,327.5361979271406,212.8318722391894,184.10392946506076,209.00603040938506,183.49704411473397,207.2268465771348,179.83542653692447,205.3988826086703,176.53321436551803
45600,0.04090162951649377,0.04085180903498784,0.04002214598718965,137.52687833916218,66.86300571120461,5.915850390248937,5.91533023749134,218.28549393884813,327.7119086319127,212.8713230176133,184.16406042297854,209.03280695403262,183.5512472187548,207.25799456647897,179.86428634136732,205.42681543351424,176.5752156116717
45700,0.040900789666832894,0.040851925067576254,0.040022111620392195,137.5173037021075,66.83380773834098,5.916646260616295,5.91612638313859,218.3494190247937,327.88703231425086,212.9106105625383,184.22412912990524,209.05959249204304,183.60497529349803,207.28899717518766,179.8928839883768,205.45479774156058,176.61716605376517
45800,0.04089995770899021,0.040852046628190974,0.04002206890848179,137.50777475166666,66.8046800199086,5.917439246549388,5.9169196370056065,218.41309489285666,328.06165358523725,212.94976185474528,184.2841831013971,209.08636363738137,183.65823426665696,207.3198706103341,179.92120626952482,205.48285761745714,176.65905781652285
45900,0.040899134786880405,0.04085217008528007,0.040022018831222264,137.49828981643577,66.77562378167657,5.918229232441184,5.917710038041721,218.4764837828925,328.23578434841124,212.98875463458853,184.34420140247707,209.1131227511146,183.71097697612922,207.3506359073565,179.9492716218142,205.5109809036994,176.70092800875526
46000,0.040898318329636654,0.04085229845450847,0.040021961953105145,137.4888492157245,66.74665414476299,5.919016255836798,5.918497466155766,218.5395933812756,328.40931145560006,213.0275861519679,184.40419671637852,209.1398994703368,183.76327682795707,207.3812694943436,179.9770950855212,205.53917260653716,176.7427617133679
46100,0.040897509648061874,0.04085243059785791,0.040021897149250404,137.4794486856825,66.71775694911508,5.919800342067157,5.919281856515388,218.60241941085204,328.582331491027,213.06628852725595,184.46412477223924,209.16668397113546,183.81504715296907,207.41181457229564,180.00464705877556,205.56743482794738,176.78455061895414
46200,0.04089670932006121,0.0408525662635007,0.040021824527139614,137.47009084820974,66.68894105947496,5.920581596222688,5.920063461108754,218.6649761415834,328.754797967701,213.10483778742173,184.52401033420895,209.19349462492698,183.86633838019966,207.44223933986967,180.03194630784958,205.59576578547168,176.82629671675753
46300,0.040895916949565674,0.04085270505359193,0.040021745047689204,137.46077592600986,66.66020782100604,5.921360036666999,5.920842186685596,218.72725232812869,328.9266985806275,213.14326239320937,184.5838511810041,209.2203197596639,183.91713227772027,207.47258986771664,180.0590285653086,205.62415530981053,176.86803054968203
46400,0.04089513121921996,0.04085284767059001,0.040021658758408615,137.45150133242194,66.63154912260472,5.922135601433148,5.921618206052647,218.78924829758418,329.0980910080943,213.18154557445007,184.64364437072328,209.24715425070156,183.96745116630726,207.50286516337675,180.08585736283862,205.6526290637682,176.90975128086657
46500,0.040894354051266575,0.04085299319882101,0.04002156577455787,137.44226846906838,66.60297372786366,5.922908320221353,5.922391347388495,218.85096462518638,329.26890722645277,213.2196662512271,184.70341267260088,209.27403630861377,184.01728849155447,207.53306317183666,180.1124532415228,205.68117388270807,176.95146698690374
46600,0.04089358726235006,0.04085314284639818,0.040021464816630596,137.4330780128365,66.57446924014266,5.923678173147147,5.923161850296635,218.9124028637816,329.4392418028749,213.25766573185462,184.76312197691664,209.30095048555282,184.06666098302188,207.56317755077995,180.138822299549,205.70977673287516,176.99319787772924
46700,0.04089282911725121,0.04085329562976801,0.040021357565421,137.42392734324102,66.54605843360696,5.924445303063365,5.923929280995707,218.97355642511107,329.6089411680133,213.29553943199883,184.82274658434184,209.32788580050573,184.11552949517997,207.59322583613928,180.1649283137888,205.7384444287515,177.0349035276255
46800,0.04089207784618112,0.04085345009362659,0.040021243223171944,137.41481581029586,66.51771951173595,5.925209700451937,5.924694011950659,219.03443848829113,329.7781438558929,213.33327516165076,184.88231565812563,209.3548644329642,184.16394244908062,207.6232092515898,180.1908196174026,205.76719118801216,177.07663790469996
46900,0.04089133532568727,0.0408536084411343,0.04002112261768741,137.40574553976052,66.48945922667168,5.925971417636946,5.9254559596388345,219.09504370604864,329.9468112876746,213.37087121313644,184.94181060732018,209.38188378039018,184.21188004431983,207.65314874540735,180.2164819646073,205.79599728810564,177.11838045272788
47000,0.04089060217835589,0.04085376993322071,0.040020996097611845,137.39671298295588,66.46128266397811,5.926730277764032,5.92621519861388,219.15535819864965,330.11492023922887,213.4083208608894,185.00121595704545,209.40893765861318,184.2593483235241,207.68306757012112,180.24194823789793,205.8248585224356,177.16014131421423
47100,0.040889878912918724,0.040853935097203864,0.04002086217489935,137.38771956582266,66.43318122748761,5.927486521719029,5.926971855812059,219.21540210365663,330.28251801662714,213.4456590496261,185.06054544543875,209.43604707961478,184.30639043961986,207.71295309603093,180.2671804872274,205.85374063660828,177.20193841689098
47200,0.04088916326815785,0.040854101520651526,0.04002072267565281,137.37876547336268,66.40515723362577,5.928240109373161,5.927725815462858,219.27515039978383,330.44959934767223,213.48285330473746,185.1197712461678,209.46320184699172,184.35297836554287,207.74282200202424,180.29217851347613,205.88270502353916,177.2437424799951
47300,0.04088845839091103,0.04085427116026689,0.04002057707120514,137.36984795162496,66.37721594778746,5.928991069848196,5.928476969071245,219.33462855737946,330.61611434023126,213.5199233347253,185.17889659241064,209.49041198542443,184.3991118840737,207.772702127479,180.3169724934652,205.91169667326122,177.28559654544966
47400,0.0408877626213436,0.04085444509274985,0.040020425911648116,137.3609666788487,66.34934732716816,5.929739358514603,5.929225620593488,219.39384195433425,330.7821414268411,213.5568653993479,185.23792693632578,209.51767890652295,184.44481984084737,207.8025711306514,180.3415722294289,205.94071639234897,177.3274733991218
47500,0.04088707651713027,0.040854621375160265,0.040020269262714535,137.3521225103343,66.32156531008543,5.930484977250678,5.929971442187065,219.45276085973737,330.9475888361471,213.59367272254144,185.29681904916333,209.54499195012252,184.4900861479283,207.832456971104,180.36594995153297,205.96977457046475,177.36939177497283
47600,0.0408863999373281,0.04085480136912161,0.040020106507511796,137.34331712022245,66.29385490541684,5.931228133255581,5.93071497741133,219.51140118832885,331.1125728764677,213.63037241410711,185.35562444594973,209.57237991564367,184.53493005554844,207.86234177172167,180.39013531451704,205.9988646851946,177.41138874671236
47700,0.04088573260932571,0.04085498409143993,0.04001993940351909,137.3345467987605,66.2662210162723,5.931968650619158,5.931455976650077,219.56974492146708,331.27702936621324,213.66694653244474,185.41432551805943,209.599822438817,184.57938642290063,207.8922782762124,180.41414542497458,206.02797704289955,177.4534469015971
47800,0.04088507487657721,0.04085516899998074,0.040019767111604106,137.32581366678355,66.23866336044875,5.93270651769261,5.932194249919334,219.6278138404305,331.4409728515712,213.70338310286587,185.47290016240544,209.6273145023707,184.62341649719778,207.92222738619617,180.4379506131722,206.05711514569623,177.49553934130077
47900,0.040884428546203964,0.040855356336952156,0.04001958912126832,137.31711565137513,66.21120573668448,5.933441778977678,5.932929725721958,219.68560817887774,331.6042609721789,213.73969495821095,185.53133181851229,209.65485430979743,184.66704754256253,207.95223126616017,180.4615566288493,206.08626789625325,177.5376921228979
48000,0.040883791321606425,0.04085554673328917,0.04001940591324669,137.30845382817256,66.18381281148531,5.9341746471685175,5.933663030155887,219.74313403627605,331.7671263459284,213.77590300253704,185.58960410683179,209.6824654510425,184.7102669701962,207.9823088389863,180.4849695746026,206.11545267429995,177.5799444691668
48100,0.04088316578953005,0.04085573972005802,0.040019217461245135,137.2998239883494,66.15649034318355,5.934905009381422,5.934393662041496,219.8003632803977,331.9295104897491,213.81199437129865,185.6477426381736,209.71012877343918,184.75308915558753,208.01245395282203,180.5082164975751,206.14468496892343,177.62224100760452
48200,0.04088254844077779,0.04085593564406728,0.040019025560922405,137.29123140631665,66.12924278494148,5.935632842411949,5.935121959997471,219.85733700929222,332.0914081171917,213.8479558524795,185.70571715305286,209.7378394292992,184.79553185069955,208.0426731195582,180.53128216704008,206.17395885010262,177.66459162788252
48300,0.04088194204760886,0.04085613331955129,0.04001882939574847,137.2826735186663,66.1020803948689,5.9363582656120055,5.935847330195902,219.914022383559,332.25272449785905,213.88380980123688,185.76350480603233,209.76562190119822,184.83756247928108,208.07296494663262,180.5541248870681,206.20330545112387,177.70703880381893
48400,0.04088134673837604,0.0408563345849054,0.0400186275858842,137.27415001519134,66.07499665455092,5.937081108523476,5.936570574171785,219.97043255932542,332.41353446166937,213.91953630205913,185.82115956096916,209.7934643247349,184.87924483866811,208.10334743226986,180.57685057089932,206.23274785244237,177.7495780951782
48500,0.040880761914439775,0.04085653985304459,0.040018421817397426,137.26565697208977,66.04799091432524,5.93780154279031,5.93729132701402,220.0265837614624,332.5738289281928,213.95514833394037,185.87862393987666,209.82135843616007,184.92059703119207,208.13384801039027,180.59939456892397,206.26231920069415,177.79220702963886
48600,0.040880187605002845,0.040856745611140485,0.04001821335082842,137.25719793945774,66.0210639977977,5.938519549143537,5.938009637072368,220.0824543097461,332.73362189265146,213.99065164349548,185.9359220773507,209.84933613918537,184.9615487714309,208.16446111390874,180.6217396457174,206.29204051497172,177.83490053431927
48700,0.04087962491596875,0.04085695451812313,0.040017997789187236,137.24877171397142,65.99420580743366,5.939235106597874,5.938725780825986,220.13804072928042,332.8929674122022,214.02603910835626,185.99302281087853,209.8773586972469,185.00213674826827,208.19520120056433,180.64393881927347,206.3219969254204,177.87770743285014
48800,0.04087907225871221,0.04085716574750668,0.04001778140365062,137.24037763454663,65.9674202978526,5.939948292070568,5.939439366976169,220.19335282922748,333.0518179465605,214.06130475943525,186.04993836617226,209.9054474342342,185.04237567876106,208.22607229845087,180.66598229286214,206.35222347774882,177.92059640723878
48900,0.04087853171121711,0.04085737903652025,0.04001756059680636,137.2320156990783,65.94072760385036,5.94065917594104,5.940150324876348,220.24839060929241,333.21006026931633,214.0964589588161,186.10666747502384,209.9335865044448,185.08228688563057,208.2570944936821,180.68787476028228,206.38278327178122,177.96359752789203
49000,0.040878002810439525,0.04085759543156452,0.040017334865956086,137.22368653966598,65.91410152117895,5.941367757793872,5.940859194897966,220.30315404086744,333.3678716682594,214.13150336628306,186.16320981354895,209.96179670770627,185.12186809218048,208.28824473474208,180.70961999623108,206.41374471531302,178.00671226662334
49100,0.040877485000738845,0.0408578138547101,0.04001710712522001,137.21538932707114,65.88753598643203,5.942073856821089,5.94156572433469,220.35764746512288,333.5252793190339,214.1664340556149,186.21952824944532,209.99006294958082,185.16107676092173,208.3195461166953,180.73118121952797,206.44512140723518,178.04992849085286
49200,0.04087697877788097,0.04085803490850488,0.040016876792225965,137.20712380937053,65.86104707582074,5.942777575982163,5.942270052456201,220.4118676469523,333.6821917780347,214.20124499648796,186.27564644438374,210.01837288495776,185.1999848167897,208.3510316922497,180.75260654606694,206.47695777297812,178.09325014548503
49300,0.040876482961803545,0.040858258154907276,0.04001664319683377,137.19888906192102,65.83464082852777,5.943478983785079,5.94297196195045,220.46582050211168,333.83856617123826,214.23594033718928,186.33157363298642,210.0467275746465,185.23858830340072,208.38270054481055,180.77388864929281,206.5092327801205,178.136678978909
49400,0.04087599879458805,0.04085848440046992,0.040016405605811274,137.19068480328394,65.80830530976414,5.944178082068358,5.943671541644058,220.51950118389883,333.99448683812267,214.2705421999932,186.38725271355455,210.07512719916866,185.27685145304753,208.4145278632332,180.79504052190146,206.54193503149332,178.18021258041227
49500,0.04087552492663262,0.04085871427203401,0.04001616589593897,137.1825108635915,65.78204390890832,5.944874978258807,5.9443688314407686,220.57291414864972,334.14992700852457,214.3050416734332,186.44270706594497,210.10357832508666,185.31481113604787,208.44653799540774,180.81605211301746,206.57503187978097,178.22386223533988
49600,0.04087506298908259,0.040858946338228196,0.04001592462723855,137.1743679841696,65.75587230262346,5.9455695869319145,5.945063666127991,220.6260762299713,334.3047901627919,214.3394273264963,186.49794276366262,210.13208230628362,185.35246805656251,208.4787320446752,180.83692298833805,206.60846137482636,178.2676188649578
49700,0.04087461337807511,0.04085918009520678,0.04001568234050679,137.16625398552952,65.72975629829313,5.94626183425631,5.945756439143633,220.67894525164442,334.4592813304557,214.37368650928698,186.55298063177923,210.16063823667722,185.38982651638221,208.51113860125193,180.85766830423145,206.64216552766453,178.31149169888343
49800,0.040874177420546866,0.040859416565474885,0.04001543640852701,137.15817027860115,65.70369924579255,5.946951845707302,5.946447168069743,220.73156438636062,334.61338346299686,214.40783724979863,186.60777090846153,210.18924582679932,185.42688683311226,208.54374296561335,180.87829556782583,206.6761276086703,178.35550181160235
49900,0.04087375206181657,0.04085965387182679,0.04001518907405786,137.15011487815624,65.67774271140053,5.947639667448619,5.947135248977851,220.7839134884861,334.7668432279241,214.4418886822804,186.6623162862458,210.21788940643276,185.46364654651669,208.5765442158187,180.89879305003333,206.7102742191663,178.39961563262466
50000,0.04087333862867734,0.04085989463967113,0.040014938427524537,137.1420874731879,65.65185290754144,5.948325315404584,5.947821110902739,220.83600534539676,334.9198642391641,214.47582416521456,186.7166252325997,210.2465879222945,185.5001027255628,208.60956849838595,180.91914742878473,206.74459373130648,178.44384453576626
50100,0.04087293726932697,0.04086013784889474,0.0400146853915815,137.13408687101938,65.626033319512,5.949008724168359,5.948504727016153,220.88783359850763,335.07243146376464,214.50966880062424,186.77071102331712,210.27531771357994,185.53629580180666,208.6428043428173,180.9393975350061,206.779010116833,178.48818286405339
50200,0.04087254880146999,0.04086038272934817,0.04001443178072862,137.12611592093518,65.60028014734083,5.949690053245866,5.949186432910812,220.93940450533202,335.22456559026546,214.54340264680218,186.82456912763692,210.3040950872968,185.57225818334962,208.67625828375176,180.95955333834814,206.81349784439976,178.5326704501792
50300,0.040872171950382695,0.04086063012205934,0.040014177397929555,137.11817504905164,65.57460097840419,5.950369121129639,5.949865946309648,220.9907021923762,335.37622815098393,214.5770123672247,186.87818138855295,210.33290480969364,185.60794125362233,208.70994186390973,180.9796086189032,206.84806269175644,178.57727452477383
50400,0.040871807297436946,0.04086088097853919,0.04001392225264088,137.1102616486767,65.54899181698576,5.9510459866918834,5.95054327999801,221.0417519090287,335.5274470748568,214.61053026074475,186.93151288466342,210.36173946188725,185.64334777432106,208.74384001681912,180.99954740026718,206.88264804434166,178.62199452391133
50500,0.04087145434327219,0.040861133316063954,0.04001366598535641,137.10237391882848,65.52345116932172,5.951720765706803,5.951218443832935,221.09255170589657,335.6782242095364,214.64394687323167,186.984609386447,210.390620153612,185.67849404426636,208.77797574052732,181.01935939291346,206.91724878083235,178.666808292774
50600,0.04087111338010413,0.040861387754196433,0.040013407091078756,137.09451482829527,65.49797175472614,5.952393462490501,5.951891473479434,221.1431111160765,335.8285966143546,214.67726808350562,187.03743612578512,210.41951266255282,185.7133939347575,208.81232778424857,181.03909325928262,206.95185115306973,178.71174738776787
50700,0.040870784734441015,0.040861644194880725,0.040013147161383794,137.0866830637784,65.47257615365251,5.953063924294607,5.952562307659853,221.1933978741515,335.97843806077583,214.71046139114293,187.0900006472028,210.44842306458722,185.74802142640144,208.84691012315005,181.0587179048119,206.9864089048024,178.7568033348713
50800,0.040870469223442056,0.04086190371211956,0.04001288642591162,137.0788776188138,65.44724721090665,5.953732287755105,5.953231104079315,221.24342171065322,336.12785597290116,214.74355190997778,187.14230729089508,210.47737502331418,185.7824136808424,208.88173032177113,181.07824601520724,207.02092616989808,178.80195907901467
50900,0.04087016646626943,0.04086216519997106,0.040012626085235835,137.07109797765142,65.42197103141511,5.9543986473085795,5.953897963574815,221.29320397465617,336.27692904000355,214.7765546624265,187.19434306189632,210.50635998718693,185.81657179500604,208.9167963144206,181.09769041013556,207.05539205743767,178.84725248279284
51000,0.040869876446313236,0.04086242930317823,0.04001236562149071,137.06334371825938,65.39678260662438,5.9550628312396015,5.954562610670813,221.34273729886152,336.4254476163113,214.80946863445507,187.24615244917734,210.53536860967273,185.85049384128345,208.9520510450081,181.117049944245,207.0897777183096,178.89267008034784
51100,0.040869598601688165,0.040862694499093875,0.04001210398001723,137.05561652069738,65.37164428278547,5.95572499729888,5.955225289536505,221.39200583498825,336.57363422117203,214.84226715853003,187.29770146601356,210.5644000207582,185.88418046956735,208.98754374851418,181.13633840170507,207.12408322844757,178.93817499835822
51200,0.04086933428820497,0.04086296146220578,0.040011842736458976,137.04791553910653,65.34658369789686,5.956385095721055,5.955885846195284,221.44102925614325,336.72132912490133,214.87496026741744,187.34898460195296,210.59344369815688,185.9176516905128,209.02326829152918,181.1555342258688,207.15830334991296,178.98378353402254
51300,0.0408690820073177,0.04086323186036699,0.04001158171962723,137.04024019717747,65.3215929515418,5.957043180219161,5.956544339411761,221.48981211130575,336.8685752709438,214.9075490502639,187.40000222403282,210.62251181479672,185.95088267729582,209.0592304173805,181.1746683956815,207.1924310365231,179.029497998363
51400,0.04086884277216001,0.04086350419156679,0.04001132002891192,137.0325894072426,65.29668127683186,5.9576992835186235,5.957200870677282,221.5383524828149,337.0153292925585,214.94005312488966,187.45075148226974,210.651583108103,185.98390721461223,209.09539213347625,181.1937543551803,207.22646651775185,179.07531057731822
51500,0.040868615702220834,0.040863779010638125,0.0400110568137663,137.0249641047727,65.27181977091158,5.95835327947496,5.957855417273282,221.58665884703316,337.1617564691684,214.97243467912364,187.50123305348228,210.68066725547797,186.01669590371972,209.13177902993456,181.21276731575236,207.26037546093283,179.12121656381493
51600,0.0408684015472724,0.04086405551641542,0.040010793284119106,137.017363692143,65.24703516833185,5.959005178923502,5.958507755876336,221.63469750482236,337.307688450095,215.00472852854304,187.55141268966102,210.70975330826641,186.04924535617806,209.1683896805305,181.23172207069462,207.2941795444279,179.16722147015065
51700,0.04086820036606782,0.04086433348692618,0.04001053262988087,137.00978662155916,65.22231764380423,5.95965513083646,5.9591580325142575,221.6825008986328,337.45318536976316,215.0369113561675,187.60132800434351,210.73885407409094,186.08161343528477,209.20520895904048,181.2506282082236,207.32785878521605,179.21331176747415
51800,0.040868013544712284,0.04086461505721384,0.04001027078702309,137.0022341912196,65.19766107320879,5.960303050584424,5.959806406308056,221.73007880284405,337.59829418999817,215.06901069704926,187.65098230674155,210.767955082284,186.11378449783598,209.2422409322444,181.26947352738233,207.3613755492995,179.25948811138875
51900,0.04086783897269853,0.04086489752555025,0.04001001012264696,136.99470715134976,65.17305575851255,5.960949065972002,5.960452826029541,221.77741657000854,337.74307701359083,215.101011871489,187.70036591135113,210.79706730076492,186.14575891736226,209.27948347274406,181.28827400507197,207.39476993853248,179.30573150316113
52000,0.04086767612919583,0.040865182386404936,0.04000975044794668,136.98720399715216,65.14851453913832,5.961593088280704,5.961097336786315,221.82450349251977,337.88745680505235,215.13290363605304,187.74947158780202,210.82617836679574,186.17750322188436,209.3169210380502,181.30701618434742,207.4280348235823,179.35202530151835
52100,0.040867526698062324,0.040865469938314795,0.040009491681166374,136.97972423978112,65.12404242122673,5.9622352329561386,5.961739919049643,221.87134065869282,338.0313980093243,215.16469141565278,187.79832249811207,210.85529813579916,186.20904886760968,209.3545700187738,181.32573583589362,207.46113723028375,179.39841183000547
52200,0.04086738979428252,0.04086576018191171,0.040009232889896496,136.97226773240234,65.09965406712412,5.9628753824008855,5.962380353881556,221.91794969616492,338.17480909375524,215.19640186623943,187.84687963373764,210.88440176347655,186.24041919417158,209.39240165297613,181.34442753098128,207.49410007336718,179.44486147341354
52300,0.040867267180871636,0.04086605257451335,0.04000897610133397,136.9648337164569,65.07531710459806,5.9635135061133,5.963019224733368,221.9643177462141,338.31790093718723,215.22801058698073,187.8951717439658,210.91351379182566,186.27160835918662,209.43042613330346,181.3630958095747,207.52692510684946,179.49137825416207
52400,0.040867157107255775,0.0408663458546993,0.04000872077942779,136.95742611339796,65.05104929737249,5.9641497697020585,5.963655992651573,222.01047002870712,338.46055044964373,215.2595056446659,187.94322287721235,210.94261400070982,186.30262590647396,209.4686148226215,181.3817347082558,207.55960317680922,179.53791176014124
52500,0.04086705924174359,0.040866641237069755,0.04000846798472149,136.95003814947063,65.0268474330492,5.964784173535833,5.9642906998087035,222.05639420572334,338.60278224598494,215.2909043917483,187.99094915032325,210.9717188383753,186.33345142958794,209.5069888604084,181.40031643522585,207.59212588203118,179.58448867850618
52600,0.0408669758954805,0.0408669399093396,0.04000821488205356,136.9426734227807,65.00268549410072,5.965416631514683,5.964923546749176,222.10210121460167,338.74473507812684,215.32220013095775,188.03838176943793,211.0008246221105,186.36406463453028,209.54553606569385,181.41893167652216,207.62448031989936,179.63109775591235
52700,0.04086690458424693,0.04086724034968743,0.040007963551964225,136.93533351706,64.97859199722222,5.966047303917819,5.9655544607886295,222.1475582987323,338.8862533759326,215.35341232290583,188.08557152137104,211.02991096022814,186.3945241460342,209.58423450706468,181.43752296615293,207.65667186801323,179.67774119251473
52800,0.04086684650456752,0.04086754347246043,0.04000771324117531,136.92801491711492,64.95457460222796,5.966676021532682,5.96618344589529,222.1927903350537,339.02729965860374,215.3845199851223,188.13248823691282,211.05897904774966,186.4248178835762,209.6231023791948,181.45612108666802,207.68871964638473,179.72441905514611
52900,0.04086680159198805,0.040867849908361537,0.040007464284166815,136.92071767842933,64.93061706700487,5.96730290139139,5.966810508160218,222.2378005749106,339.16796963345126,215.41554384528595,188.17911939797625,211.08803742411678,186.45494191451573,209.66213492328552,181.4747021738811,207.72061812028912,179.77108786837914
53000,0.040866769735895106,0.040868156311470914,0.04000721561748227,136.91344143241614,64.90671098693419,5.9679278428410125,5.96743582726552,222.2825951224312,339.3083101422604,215.44646205376762,188.225463982548,211.11709706646292,186.48490592479328,209.70129196527412,181.4933112397429,207.75235165660402,179.8177580421392
53100,0.04086675113555765,0.04086846575809798,0.040006968855153154,136.9061876553617,64.88285914129655,5.968551158777792,5.968059341138107,222.32716922207973,339.4483055213077,215.47728848405572,188.27153233723922,211.1461322625427,186.51470849954222,209.7406158063984,181.51192524390356,207.78394731777533,179.8644320966467
53200,0.04086674446885397,0.040868777195416456,0.04000672429934601,136.89895567040946,64.85906739100068,5.9691725046636455,5.9686810635344205,222.37151182229977,339.5879221536125,215.50801177665053,188.31732995491365,211.175156923622,186.54435578140456,209.7800671961075,181.53055070050556,207.8153642676142,179.9110915779128
53300,0.04086675090887411,0.04086909120884989,0.040006482358077265,136.89174651804217,64.83534343180219,5.969792059952291,5.969300941718693,222.4156360816337,339.7271111291861,215.53864771923287,188.3628777153727,211.2041462927165,186.5738329942733,209.8196285075148,181.54919863022118,207.8466333219315,179.9577079941443
53400,0.04086676984712529,0.04086940797572352,0.040006243047034866,136.88455873393744,64.81167815335256,5.970409787071769,5.969919144343917,222.45955786506178,339.8659402187876,215.56918592779815,188.40816152348984,211.23312397407597,186.60315394957792,209.8593116932394,181.5679045271986,207.87774647140105,180.0042905583762
53500,0.04086680220238388,0.04086972519022344,0.04000600573036959,136.87738997440138,64.78806095281891,5.971025618013232,5.970535407966106,222.50325409673354,340.0044516674882,215.59962949977503,188.45313708570177,211.26208859315383,186.6322960956084,209.8991100698912,181.58660659242912,207.90871756721987,180.05083022373427
53600,0.04086684667117487,0.04087004592581681,0.040005769908417955,136.87024051888451,64.7645096528982,5.971639655835026,5.971149925676626,222.54672676520212,340.1425443086513,215.62996949207823,188.4978391569775,211.29103410402806,186.66132856900919,209.93901419209203,181.60536724429863,207.93951426358873,180.09734067655873
53700,0.04086690559016806,0.040870368070479925,0.04000553758876731,136.86311332933477,64.74100579965298,5.972251936052578,5.9717625203739715,222.58999463251004,340.2803203758839,215.66024208924708,188.54226051786662,211.3199634840464,186.69023224005954,209.97901304066318,181.62420335603082,207.97016255158545,180.14374632489913
53800,0.040866977975288765,0.0408706930186423,0.0400053064458847,136.8560085850714,64.71756640371756,5.972862459633829,5.972373218235556,222.63305210814437,340.4176826729985,215.69041027921904,188.58640992489939,211.34887160639948,186.71899011188225,210.01910568583722,181.64313263539506,208.00065971734966,180.19007026619536
53900,0.04086706389553425,0.04087101934984747,0.040005076331780985,136.84892253969898,64.69417701645848,5.973471147296664,5.972982302926358,222.67589159961506,340.55473244084294,215.72047182330132,188.63031199255386,211.3777652659232,186.74760721632006,210.0592813991033,181.6621235590107,208.03102290444428,180.2363172540829
54000,0.040867161522451824,0.04087134927382275,0.04000484761888735,136.84185775096407,64.67085504200175,5.974078179503509,5.973589547240892,222.71852155871954,340.69136899751896,215.75043751973132,188.67394454022505,211.40663063530653,186.77605847048824,210.0995380782634,181.68119779264597,208.06122182237812,180.28245995391032
54100,0.04086727172052639,0.04087168187439743,0.04000462345560499,136.834811120608,64.64757893069013,5.974683391098417,5.974195054958252,222.76095516737539,340.8277082947935,215.780333982516,188.717294751575,211.43548167096097,186.80436675027897,210.13987157907152,181.70036259978258,208.0912829009426,180.32847738323792
54200,0.0408673956366548,0.0408720158335178,0.04000440053595091,136.82778546165227,64.62436167251035,5.975286913448998,5.974799049927185,222.80319338411383,340.96368448099946,215.81012436567468,188.7603984549063,211.46430474512334,186.83254368242893,210.180263328931,181.7196356286608,208.12120577771893,180.3743601397554
54300,0.040867532200418874,0.040872352768039036,0.04000418064647422,136.82077773479116,64.6012115302778,5.975888674726772,5.975401022971604,222.84520941292166,341.09924156119604,215.83983172835173,188.8031954534174,211.49312645455973,186.860595344443,210.22068881119662,181.73901601852742,208.15098735369463,180.42008921951015
54400,0.04086767994312538,0.04087269185398324,0.04000396231858095,136.81379067766406,64.57811014316138,5.976488714459933,5.976001509889466,222.887049800091,341.23449155972764,215.8694555502215,188.84575121835383,211.5219156951512,186.88853322228323,210.26114967505526,181.7585339435147,208.18061332085097,180.4656635231793
54500,0.040867842348380055,0.04087303257176073,0.040003746948034935,136.80682283803543,64.55505583347619,5.977087040654892,5.976600386226301,222.92866962061757,341.3694357668411,215.89898260528685,188.88809018231618,211.55069167126248,186.91635797872433,210.30165149119017,181.77820503805438,208.2100910069209,180.51104679454195
54600,0.04086801678490392,0.040873376222183636,0.0400035347236945,136.79987492628302,64.53204338064305,5.9776837395583735,5.9771974685744595,222.97007804379666,341.50409128639757,215.92842177477928,188.9301464892694,211.5794560089006,186.94404529658823,210.3421890920757,181.79800276752925,208.23943227512981,180.55622577214436
54700,0.040868203632365444,0.04087372328849504,0.04000332517332734,136.79294627817313,64.50909353445785,5.9782787453265485,5.977792769029162,223.01129710343065,341.63836115526004,215.95776569323266,188.97192936369999,211.60819021902765,186.97161657235617,210.38274630344117,181.8179499023888,208.26864527147774,180.60119006528106
54800,0.040868403911560235,0.040874072210198745,0.04000311775869435,136.78603492096232,64.48619555419714,5.978872015644882,5.978386445221037,223.052335420018,341.77230400843735,215.98701307176415,189.01347324645712,211.636927922323,186.99905257368775,210.4233183410661,181.83809184520908,208.2977208392943,180.64591817931435
54900,0.04086861507601587,0.04087442389930875,0.04000291317906499,136.77914406222777,64.46333489300592,5.979463603128066,5.978978453977584,223.0931584878676,341.906000282305,216.01617249570623,189.0547480713135,211.66564252798955,187.0263838107186,210.46389218495565,181.85842723202308,208.32665149004677,180.69039189692143
55000,0.04086883889240177,0.040874777347353855,0.040002711823248153,136.7722688414036,64.44054302624465,5.980053507904646,5.979568629504519,223.13379233781794,342.0392637795441,216.04525755166182,189.09579379132933,211.69435816429868,187.0535869645232,210.50449105298324,181.8789498421289,208.35545185528275,180.73458562178112
55100,0.040869075731418784,0.04087513351980344,0.04000251374177814,136.7654125242545,64.41780072187902,5.980641734076062,5.9801572399250915,223.17425585141422,342.17221658944607,216.07424598443114,189.13658686613837,211.7230533859089,187.08069735971367,210.54507606987767,181.89972394559948,208.38413240695644,180.77850757947158
55200,0.040869325183187255,0.040875493309648396,0.04000231854280597,136.75857524332494,64.39510220458472,5.981228326528765,5.980744245349863,223.21450691072914,342.3048972458095,216.1031284245087,189.1771004385508,211.75176043787502,187.10767199481484,210.58563087804617,181.9207404199079,208.41268659722428,180.8220922367509
55300,0.04086958813796845,0.04087585443496712,0.04000212512976972,136.75175674270614,64.37243740040947,5.981813326795871,5.981329742061739,223.25457803973083,342.43735195221876,216.1319433786424,189.21740735504216,211.7804568886784,187.13456900610953,210.62614422563848,181.94201918445503,208.44111505719556,180.86531508683083
55400,0.040869862980760986,0.040876218162271764,0.04000193384270622,136.74495698232238,64.34983035421124,5.982396674940384,5.981913634485023,223.29445875326368,342.56944140258,216.16066509532192,189.2574567608508,211.80912709640103,187.16137309883135,210.666615058682,181.963597132248,208.46938705937052,180.9081950150565
55500,0.04087014877061297,0.04087658521438314,0.04000174613469352,136.73817540183046,64.32728658724773,5.982978328199697,5.982495658040628,223.3341355754194,342.70113409022406,216.18929147235534,189.29725383148377,211.837794627301,187.1880501349525,210.70704421058943,181.98544448276098,208.49757890261006,180.9506677813572
55600,0.04087044820511701,0.04087695582680415,0.040001561261749655,136.73141288014943,64.30478315355803,5.983558357017181,5.983076125527192,223.37361117996235,342.832567407738,216.2178341306579,189.33679979380963,211.8664679961969,187.21464220600282,210.74742955492874,182.00760434918598,208.5256386089419,180.99272711806978
55700,0.0408707600955889,0.0408773286858553,0.040001378439749484,136.7246646856716,64.28233631666784,5.9841368976503135,5.983654965313486,223.4129277571586,342.963648693806,216.24629312091025,189.37611361981467,211.89517636342586,187.24110329201693,210.78775548043328,182.03009752813838,208.55360054966377,181.03437995530783
55800,0.04087108161364501,0.040877704287443944,0.040001199683707765,136.7179322620142,64.2599449490252,5.9847138741876424,5.984232087267134,223.45208848806834,343.09437214767036,216.2746794382052,189.4151810468222,211.9238637693389,187.26748188174747,210.8280261340972,182.05294206558486,208.58144013346336,181.07557949709891
55900,0.04087141560945284,0.040878082053145276,0.04000102359337215,136.71121902880745,64.23759320066803,5.985289233473119,5.984807596371175,223.49105356573918,343.2248267995953,216.30295977021507,189.45402397681156,211.95257413663663,187.29377497407935,210.8681937868745,182.07617058984493,208.6091657974782,181.11627517752032
56000,0.040871762663716164,0.04087846276372515,0.040000848664598236,136.70452214643925,64.21527661420012,5.9858629140738255,5.985381737282892,223.5298339411674,343.3550595595216,216.33114593718372,189.49261506712017,211.98130148265508,187.31996473989355,210.90827547354687,182.09980868417233,208.63678356930853,181.15645189007853
56100,0.04087212212305029,0.040878846472010934,0.040000677712513644,136.69784226001593,64.19302120123554,5.986435038207057,5.985954068263018,223.56842881267048,343.48490944413635,216.3592481476164,189.53096407109308,212.0100453602473,187.34603585462267,210.94826306255194,182.12384474640908,208.66429446328613,181.19609815608965
56200,0.040872493419391656,0.04087923267826118,0.04000050992014565,136.69118001702626,64.17080374531037,5.987005617331602,5.9865249191092635,223.60686027786352,343.61451851140026,216.3872589509486,189.56908480822852,212.0388041487284,187.37201344521088,210.98812092002535,182.1483393443673,208.6917156625636,181.23517660741646
56300,0.040872877156877575,0.04087962144387515,0.04000034478590306,136.68453600322297,64.1486197413385,5.987574627710445,5.987094353720731,223.64511028127595,343.74390421538425,216.41518725887192,189.60701272539197,212.06762034451467,187.39791802635307,211.02784961836744,182.17333034599113,208.71901397089894,181.27366505679657
56400,0.04087327235229231,0.040880013462825444,0.04000018258355642,136.67790503995786,64.12649055185747,5.988142105150036,5.987662262680697,223.6832077720367,343.87295887202407,216.443048466738,189.64471082598604,212.09646131856454,187.42371893407744,211.0674603257321,182.19880390602736,208.74622280703196,181.31152885232137
56500,0.04087367888147787,0.04088040709638193,0.04000002362608256,136.67129154471604,64.10440407664235,5.988708041542143,5.988228686504094,223.7211249745871,344.00173672783376,216.47082054546328,189.68218631947943,212.12534963214495,187.44944637908975,211.10692683508935,182.22476213894961,208.77334234209476,181.3487791887749
56600,0.040874097744300356,0.04088080525796639,0.03999986904916812,136.66469403130026,64.08236548826955,5.989272441772478,5.988793434781892,223.75885859890633,344.1302044343814,216.4984995367251,189.7194126074766,212.15429115615774,187.47508892722337,211.1462538976662,182.25122845140268,208.80036768517627,181.38536974690385
56700,0.04087452862561886,0.040881205362064084,0.03999971667008518,136.6581123293812,64.0603627022426,5.989835269976366,5.989356694350553,223.79643463462907,344.25843622655333,216.52609997547827,189.75643576249416,212.18328741964947,187.50064482146124,211.1854231789648,182.27824447132443,208.82731120419047,181.42125800443458
56800,0.040874970687480756,0.04088160853502204,0.039999565394223,136.6515477854678,64.03841941515513,5.990396641251513,5.989918248311688,223.83384510324106,344.38630164323564,216.55359001420197,189.79327843121484,212.2123473804564,187.5260943825599,211.22441298555935,182.30579612247615,208.85414056510098,181.45646117545743
56900,0.04087542497100957,0.04088201464652562,0.0399994178187134,136.6449988005896,64.01651831355946,5.990956372761935,5.990478329412217,223.87108962766752,344.51389005849376,216.58100186669034,189.82991932938043,212.24147162297746,187.55147481139213,211.26322498185542,182.33393234944768,208.88087974135314,181.49093662132762
57000,0.04087588967157688,0.04088242417989542,0.03999927219682448,136.63846604585248,63.994650768823185,5.991514726350273,5.991037031386153,223.9081661536167,344.6412515461796,216.6083237643426,189.86637721045778,212.27067289757693,187.57681569518,211.30184974606848,182.36264234879778,208.90755876090032,181.52469188205177
57100,0.040876365533562324,0.04088283709457197,0.039999130108028094,136.63194850299044,63.97282662990482,5.992071639933622,5.99159430563364,223.94507517866975,344.76835093072657,216.63559823292488,189.9026045829434,212.299961525186,187.60204763947596,211.340246969305,182.3919090764414,208.93415403823366,181.55771359835305
57200,0.04087685174430476,0.040883254414840746,0.03999899203429894,136.62544511151833,63.951052087392256,5.992626965472086,5.992150000206847,223.98184203390096,344.89513081392977,216.66277700605627,189.9386251817556,212.32931519677956,187.6272150826261,211.37842567778375,182.4217655942868,208.96065956609903,181.59000020473195
57300,0.040877349627094925,0.040883673318000927,0.03999885708831948,136.61895745663952,63.92932126965059,5.993180787430506,5.992704173501233,224.01846607630924,345.0216417532769,216.6898783604106,189.97447628424766,212.35878247846188,187.6522519735383,211.4163836004533,182.4521717117558,208.9870968422445,181.62151015768225
57400,0.04087786027879416,0.0408840949963631,0.039998724154587675,136.61248393315995,63.90761727196734,5.993733192230068,5.993257056125214,224.0549184055394,345.14796777540215,216.7168933372281,190.01013036829877,212.38836967236452,187.67724408065123,211.45410584098747,182.48314770464185,209.01345745788618,181.652314928455
57500,0.04087838149460331,0.040884520681891814,0.03999859435939764,136.6060256287721,63.885949800374675,5.994284050404029,5.993808677583228,224.09120647619415,345.2740652428714,216.74381092227273,190.04561521797774,212.41805558678348,187.70216961428488,211.49156234979594,182.514712400325,209.03976440558807,181.68239737879102
57600,0.04087891249610455,0.04088495007285274,0.039998467168527334,136.59958065741745,63.8643173770772,5.994833509274076,5.994358427250748,224.12734342052735,345.39990268469165,216.77064070879237,190.08088972686673,212.44787864157138,187.72702747953875,211.52877446892685,182.54682136269798,209.06597541201623,181.71175397980278
57700,0.040879455264836606,0.04088538334057935,0.039998342142116186,136.59315183125395,63.842733501998914,5.995381514162397,5.99490682794257,224.1633349154428,345.52544757980684,216.7973878961134,190.11598628621473,212.477816872336,187.7517959761618,211.56570270483655,182.57946461912388,209.09214848253797,181.7403886241247
57800,0.04088001008424815,0.04088581963575085,0.039998220549847,136.58673690205435,63.82119489191673,5.995928135421093,5.995453793881464,224.19916444763481,345.6507004786681,216.82406241230515,190.1509043192848,212.5079216647056,187.7765252076875,211.6023444865688,182.61260894810533,209.11826790546786,181.76830675460005
57900,0.040880574071285605,0.04088625790087458,0.03999810004330062,136.58033726713597,63.799692149479576,5.996473275277872,5.995999395927996,224.23484261298466,345.77573353322384,216.85066091525468,190.1856485052961,212.5381506764278,187.80119027723268,211.63868895447627,182.64625212872974,209.14432746655714,181.79553754537517
58000,0.040881150494674896,0.04088670249192444,0.03999798440940237,136.57395274176142,63.77822224047883,5.997017012844468,5.996543633280956,224.27038916445505,345.90055185596134,216.87717144947774,190.2202258462193,212.56854675053822,187.82577760218,211.6747302727977,182.68037260753127,209.1703278901004,181.82212118005015
58100,0.04088173798700017,0.040887149909742536,0.03999787086843751,136.56758199514564,63.75681229821445,5.997559265210246,5.997086257137288,224.30577536778168,346.0249903489208,216.9036108116946,190.25464685445058,212.59911861059345,187.85030621245835,211.71044557265557,182.71491087709512,209.1962904199048,181.8480653160651
58200,0.04088233402370173,0.04088759876900436,0.03999776032104768,136.56122778120002,63.73544377000327,5.998100078758263,5.997627407424323,224.34099710053192,346.1491675940167,216.9299500326414,190.28888118325779,212.62984683189765,187.8747389847867,211.745812699333,182.74989211945342,209.22221738257454,181.87337683581012
58300,0.04088294194564071,0.04088805224153509,0.039997651609540184,136.554884780683,63.71410770670358,5.99863959087636,5.998167100091423,224.3760976646088,346.2731208710613,216.95622582113688,190.32295267754225,212.66076747587084,187.89912531336054,211.7808732456331,182.78527984538997,209.24809787278596,181.8981051435576
58400,0.04088355873607408,0.04088850835154667,0.03999754688123166,136.5485566438755,63.69280907894532,5.999177594049442,5.998705332353742,224.41104409196564,346.3968350771221,216.9824322261371,190.35683630154404,212.69185238674945,187.9234323442438,211.8155569224922,182.8210193977357,209.27395232819978,181.9222266952979
58500,0.040884185070592265,0.04088896839234982,0.039997443520725484,136.5422409074886,63.671535056187196,5.9997141659768785,5.9992422438492135,224.44585961729274,346.5203744042459,217.00854791210293,190.39055304417622,212.72313065458752,187.94766037911893,211.84987790997124,182.85710760400582,209.29978051016283,181.94579897778476
58600,0.0408848239058266,0.04088943331538822,0.03999734196983096,136.53593987534464,63.650284058613806,6.00024942364245,5.999777935133099,224.48051492676677,346.6437710497887,217.0345912165924,190.42411788735495,212.7546144494187,187.97180709135304,211.88383921479902,182.89349956009033,209.32557630548655,181.96882587203592
58700,0.040885471986233296,0.040889901930672434,0.039997245007714705,136.52965323977048,63.62906442977644,6.000783263896827,6.000312407509801,224.51503923899705,346.76696768805203,217.06054966736957,190.45753992379525,212.78629693762227,187.99590539885446,211.9174220450289,182.930184337479,209.35135796849747,181.99136052573994
58800,0.0408861307325917,0.040890373588874276,0.03999715096677148,136.52337779900532,63.60789813979865,6.001315722591532,6.00084535013563,224.54944510313388,346.8898238864313,217.08643323369802,190.49083712165137,212.81821461867537,188.0199540459441,211.95062534874674,182.96714534792457,209.37713385967294,182.01343191980905
58900,0.040886800508697675,0.04089084939151125,0.03999705845886404,136.517116088039,63.586767712692875,6.001846872872381,6.001377133534092,224.5837005987897,347.01246919410477,217.11224052270146,190.52400398031372,212.8503323703132,188.04391642143761,211.98343974281045,183.00433335173508,209.40288956089435,182.03502172997835
59000,0.0408874785730468,0.040891328785998,0.039996969110984965,136.5108685113025,63.56566662309865,6.002376669308046,6.001907343762244,224.6178087713724,347.1349019924727,217.13796910951075,190.5570341611908,212.8826771923336,188.06780873010828,212.01584008940256,183.04171737664032,209.42865912740746,182.05620127335246
59100,0.04088816636698172,0.04089181181024881,0.03999688146194085,136.50463348481298,63.544610598041004,6.002905211867191,6.002435962120031,224.65180227564073,347.25703617299837,217.16360655527808,190.58991740233054,212.91525318375355,188.09165466098213,212.0478500564259,183.07925240130518,209.45443436579936,182.0769626921221
59200,0.04088886313272755,0.04089229944843766,0.03999679463543757,136.49841254354624,63.52358746236809,6.00343234497587,6.002963286548368,224.68564424474857,347.3789643435804,217.18917011493227,190.62267078063113,212.94805505274908,188.11545433758872,212.07946456608389,183.11694692506447,209.48021984424594,182.09732822605648
59300,0.04088957140624845,0.0408927905058826,0.03999671140085968,136.49220453988238,63.50259562420383,6.003958159596234,6.00348933888823,224.71937473683994,347.5006786276769,217.21466040858036,190.65530142165457,212.98108253153833,188.1392051128796,212.11064718067007,183.15479471473665,209.50601884169384,182.1173336669825
59400,0.04089028956110106,0.04089328680911169,0.039996631022435565,136.4860074166667,63.48165423270601,6.004482502449294,6.004013983660715,224.75294554704337,347.6220828296218,217.24006952282718,190.6878002307058,213.01435117741715,188.16289135250503,212.1414329729868,183.19276585004795,209.53185770133138,182.1369691705266
59500,0.040891015710155215,0.04089378612226848,0.03999655259283254,136.47982379924156,63.460734535267825,6.005005752882823,6.004537186050683,224.78639741325028,347.743342071437,217.26541884403196,190.72014269695367,213.04784376530873,188.18647560937407,212.17181827814457,183.23080253397947,209.55773099182528,182.15625159536637
59600,0.040891752095280745,0.04089428996117965,0.039996476205888185,136.47365028336554,63.43985169385385,6.005527601875719,6.005059163646068,224.81974259374803,347.86436628401435,217.29068394724493,190.75238255474534,213.08157254812792,188.2099759592108,212.20177956732402,183.2689220657925,209.58365285006252,182.17523463013657
59700,0.040892497338901344,0.040894797315772405,0.03999640267777079,136.4674916503066,63.41899322039479,6.006048013054166,6.005580094652992,224.85293669247363,347.9852274580812,217.31586390109018,190.784514628215,213.11551563195542,188.23348632770802,212.23131620977566,183.30712051089372,209.609607111395,182.19392308689055
59800,0.04089325282883769,0.0408953098276341,0.03999633108623285,136.46134607796745,63.39816152303632,6.006567149610019,6.006099690382104,224.88603138137807,348.105911817669,217.34097078811024,190.81652199260887,213.14970100197172,188.25693557228814,212.2604340949153,183.34532753079108,209.63562996042506,182.21235293950107
59900,0.04089401691408724,0.04089582645393009,0.03999626124952145,136.4552112026506,63.377358088236036,6.007085023784564,6.006617899576083,224.91898822780487,348.2264115258537,217.36599834492895,190.8483956080612,213.1841099573754,188.2802973957253,212.28915142245862,183.38353519320614,209.6617062454065,182.23048192609468
60000,0.0408947900366008,0.04089634788330989,0.039996193541314826,136.4490901587963,63.3566096189805,6.007601531716662,6.007134792674835,224.95181687316327,348.3465673423583,217.3909709165916,190.88018777529737,213.21872932796762,188.3036234175417,212.31745019049228,183.4217661061698,209.68786171250247,182.2483650661458
60100,0.04089557092558876,0.0408968723399488,0.0399961283089692,136.4429798707363,63.335895453737585,6.0081167702342375,6.007650404270789,224.98450944218908,348.46650037281427,217.41584042420556,190.91188102291028,213.2535654704043,188.3268754817799,212.3453375595555,183.46000132505193,209.7140935923028,182.2660119044044
60200,0.040896359522186204,0.04089740072664941,0.0399960646005404,136.43688117930043,63.31521360166261,6.008630733298597,6.008164792836309,225.0170988219867,348.58623247294196,217.44063880018828,190.94347761014134,213.2886239444468,188.3500771820798,212.37283062933219,183.49817784642198,209.74040673283508,182.2834263392818
60300,0.04089715869083055,0.04089793400451308,0.03999600326468943,136.4307962834587,63.29455347220806,6.009143317101104,6.008677730008255,225.0495723229807,348.70580788087216,217.46537088048885,190.97492450001803,213.32387412459065,188.3732048595741,212.39990854460157,183.53631478471002,209.76682104697534,182.30062434766037
60400,0.040897966769782315,0.04089847295357903,0.03999594518306811,136.4247216452065,63.2739409489235,6.009654544695416,6.009189471985286,225.08192873310068,348.8250907375461,217.49000458630582,191.00631308531413,213.35934529253666,188.3962935707628,212.42659061637045,183.57439462779544,209.79334556922745,182.31759345996252
60500,0.0408987827533588,0.04089901631026888,0.03999588789183163,136.4186569567994,63.25335692600121,6.010164649473375,6.009699856844867,225.11416267203546,348.94417892007135,217.51456691711877,191.0376045770725,213.3950216682429,188.41934693650938,212.45288859468693,183.6123986862452,209.81998087304797,182.33437000918678
60600,0.040899607876383644,0.040899562815545104,0.03999583426292415,136.41260495891302,63.23279635516358,6.010673445677929,6.010209213173867,225.1462869694572,349.06312512306636,217.5390722507411,191.0688235489928,213.43086963674256,188.44231410385086,212.47879121348385,183.65032706129747,209.84672995448426,182.3509776957923
60700,0.0409004403268421,0.04090011355443528,0.039995780108717655,136.40656257162604,63.21225261912705,6.011180986189975,6.01071722631679,225.17829936394784,349.18193993235366,217.56350664477515,191.09996458978765,213.46691549542072,188.46522621429023,212.5043251837933,183.6881583173254,209.87359970557117,182.36739551347728
60800,0.040901280281617956,0.04090066871320723,0.03999572943100386,136.40053180498285,63.19174800381975,6.011687254358849,6.0112240447678085,225.21019393432223,349.3005179399783,217.58786338748942,191.13104902596208,213.5031287313636,188.4880693962289,212.5294813534528,183.7258794429256,209.90058884122976,182.3836471172571
60900,0.040902130467156204,0.04090122978402374,0.03999568044369566,136.3945117946805,63.17126643583072,6.0121923616378155,6.011729683919427,225.24197464043198,349.4189384355751,217.61215174362587,191.1620360472966,213.53951082530534,188.51087517017908,212.5542790007949,183.7635017778374,209.9277408978568,182.39970337317763
61000,0.040902988962689665,0.0409017921478262,0.03999563193158677,136.38850299635865,63.1508132183653,6.012696221196558,6.012233975129798,225.27364538825617,349.5371649625906,217.63636749012542,191.19295935696266,213.57605346779044,188.53364965221198,212.57871995790552,183.80100759789704,209.95499458307148,182.4155875883074
61100,0.04090385397359872,0.04090236026775528,0.039995586240337146,136.38250310635033,63.13038702024465,6.013198754422387,6.012737107973539,225.30519276422504,349.6552273643903,217.66050612506322,191.2237826774099,213.61276094757503,188.5563354921099,212.60280725551146,183.83838432858877,209.9824087664893,182.4313152265714
61200,0.04090472755081786,0.04090293398417757,0.039995542881278184,136.37651673288045,63.110002325149146,6.0137001499273595,6.013238760683903,225.33664075791393,349.7730136581147,217.68457683493435,191.25453068340866,213.64961077953444,188.5789606830385,212.62654875381244,183.87564266001505,210.00996460563255,182.4468984372936
61300,0.04090560944254361,0.04090351082313802,0.03999550093995856,136.37054120057715,63.08964606734149,6.014200357603837,6.0137393268285235,225.3679938300306,349.8906148950761,217.70855438851333,191.2852573505378,213.68659813708564,188.60154200479693,212.6499736106058,183.912777830757,210.03767441876923,182.46236765925997
61400,0.04090649803424788,0.04090409213350179,0.03999546043287185,136.3645776621128,63.06932795625498,6.014699295573116,6.01423873954389,225.39922298697678,350.0079835220102,217.7324726811495,191.31589877152499,213.7237044874395,188.62407734132847,212.67306359932434,183.94973837275913,210.06550324459081,182.47770297535936
61500,0.04090739398714091,0.04090467893162797,0.039995420752862394,136.3586217710154,63.0490208015665,6.015196972232059,6.0147368687775735,225.43035210464782,350.1252527603992,217.75630490548005,191.34646917208173,213.760950290866,188.64657857691384,212.6958380726711,183.98657329684332,210.0934817175704,182.49290504313151
61600,0.0409082968061316,0.04090526997065555,0.039995384266274206,136.35267600254267,63.02876449768395,6.015693410075525,6.015233742262711,225.4613702540058,350.2422162533247,217.78007607368767,191.37701271485466,213.79829143606892,188.66901968867862,212.7183139000463,184.02323152035186,210.12162070996382,182.50798425416227
61700,0.04090920922398361,0.04090586771153647,0.03999535039608902,136.34673900924108,63.00854869672402,6.016188750026958,6.015729178620192,225.49229759858227,350.35891512092076,217.80376335355473,191.40749993056917,213.8357605291632,188.6913893995675,212.7404801773167,184.05972714594265,210.14990546356682,182.5229603667241
61800,0.040910127832013025,0.04090646835665469,0.03999531762719844,136.3408132920708,62.98834999480361,6.01668281412459,6.016223565451083,225.52312631346246,350.4754981951983,217.82736517600094,191.43793767538548,213.87331438800575,188.71371052836147,212.7623708812323,184.09604055127332,210.17833599631996,182.5377983135893
61900,0.04091105287976879,0.040907073296637654,0.039995285187362485,136.33489826036748,62.96816963348455,6.017175731476386,6.01671690670647,225.5538571544824,350.59196804104147,217.85088539189073,191.46830211487008,213.9109536722937,188.73597100535596,212.78395337424348,184.13220440725362,210.20690707855326,182.55253491458998
62000,0.04091198604552602,0.04090768338958371,0.0399952538706587,136.32899130970904,62.948024161399445,6.0176675483550115,6.017209126229481,225.58450073689943,350.7082167934431,217.87436323286187,191.49867957366226,213.94868788967614,188.75820812456465,212.80526307587866,184.16816956479468,210.23561429872188,182.56716597983095
62100,0.04091292554460616,0.04090829874989282,0.039995224538443966,136.3230931330763,62.927915035253804,6.018158184939314,6.017699874937754,225.6150368520253,350.8242176725153,217.89777082526683,191.52900028367225,213.98650638214605,188.78035894701785,212.82630562048183,184.20395066948169,210.2644690107371,182.5816973126903
62200,0.04091387127349505,0.040908919725299246,0.03999519658506099,136.31720488717076,62.907842041766266,6.018647622239239,6.018189486324965,225.64546807948074,350.94000756355325,217.9211219225561,191.5592732566982,214.02438646247052,188.80245286182338,212.84709209912697,184.23953319800458,210.29344883100538,182.59610884257083
62300,0.0409148238811043,0.040909544945974215,0.039995169876314136,136.3113268162403,62.887788387976016,6.019135822731487,6.018677928888395,225.67578978403202,351.0556658517545,217.94437928097378,191.58951563533225,214.0623445270289,188.82451443233091,212.86761487777898,184.2749248319484,210.32254128470518,182.6104019172683
62400,0.04091578367980011,0.04091017504461817,0.0399951450414616,136.3054582871883,62.86774744507018,6.0196227757390295,6.019165356971148,225.70601827658118,351.1712295425105,217.9675772007613,191.61972596107756,214.10035470468196,188.84651231731561,212.88789897066056,184.31012048878497,210.35178671586627,182.62462949686704
62500,0.04091675098099381,0.04091080848276917,0.039995122042076385,136.29959866680525,62.84774065175259,6.02010869446939,6.019651578061932,225.73615245334383,351.2865689227856,217.99070192124967,191.64989711134487,214.1384139636605,188.8684621976747,212.90795153558142,184.34513451615425,210.38115083269847,182.63876007864692
62600,0.040917724997691036,0.040911446462110194,0.03999509914190226,136.2937496378313,62.82775676597932,6.020593331284751,6.020136855215911,225.7661843289816,351.40176920298455,218.01375065616648,191.68006663023237,214.17651527862517,188.89036332225837,212.92774492762973,184.37994589450014,210.4106172720536,182.65279144268166
62700,0.04091870474162967,0.04091209115356009,0.03999507809950907,136.28791130386446,62.80780160124036,6.021076881673899,6.020620884181152,225.79615393998372,351.5167871918462,218.03671519479576,191.71017357782387,214.21464925247312,188.91220295521424,212.94731013107776,184.41454276660835,210.4401937983873,182.66672761408753
62800,0.04091969213223199,0.04091273911579717,0.0399950575397328,136.2820827868418,62.78787735427425,6.02155930193055,6.021103573957831,225.8260353597497,351.63160053313493,218.05962033623993,191.74028081173014,214.25281994271444,188.93397421123373,212.9666785043082,184.4489225510324,210.4698579094783,182.6805833809428
62900,0.040920684308288116,0.04091339244680985,0.039995038894274755,136.27626151834826,62.76796507506267,6.022040592091301,6.021585226615653,225.85582402441239,351.74632757414633,218.08245735741875,191.77038025173366,214.2910280994184,188.9556785529697,212.98582682631206,184.48310119801928,210.4996285781971,182.69436169423798
63000,0.0409216821127923,0.04091405017634574,0.03999502161451793,136.27045117015066,62.74809049611709,6.0225207033375465,6.022065638441484,225.88549728672405,351.8608061257532,218.10520343532838,191.8004534812663,214.32924528151634,188.97735162039987,213.00476716834442,184.5170695182514,210.52950812450146,182.70807931054313
63100,0.040922686654342656,0.040914712076584106,0.0399950053169034,136.2646477062126,62.728244511674404,6.022999708948885,6.022545024908506,225.91509895961113,351.97511325961955,218.127885799737,191.8305178550179,214.36748004279568,188.99896392220126,213.0235242762976,184.55080491321104,210.5594573177351,182.7217201613676
63200,0.04092369808533803,0.04091537821222839,0.03999499104076492,136.25885400833022,62.70843774237966,6.023477558530757,6.023023234824654,225.94460625194668,352.0891754265286,218.15050337650683,191.86056738470018,214.40572150114747,189.02053706641368,213.04207009243825,184.58434495116066,210.5894779677437,182.73529336321988
63300,0.04092471463321867,0.04091605061701147,0.03999497800329228,136.2530687342333,62.688651864189666,6.023954356187594,6.023500249699807,225.97400553325417,352.2030965481746,218.17305078119654,191.8905718492057,214.44399208173263,189.04204083866935,213.06043501850525,184.61763807366282,210.6195838890198,182.7487919970732
63400,0.04092573636808372,0.040916728663087085,0.039994965111825403,136.24729136018252,62.6688936338382,6.024429936468465,6.023976030757695,226.00333029278127,352.31684129811606,218.19553711250845,191.92055585765127,214.48224585355445,189.06350087906497,213.07861997905616,184.6506985927083,210.64978318542234,182.7621872641331
63500,0.04092676245763343,0.04091740983821668,0.039994953078077634,136.24152343910728,62.649149442886284,6.024904482680394,6.0244507848631885,226.0325628038608,352.4304874699805,218.21796925196017,191.95056703714192,214.52050655516925,189.0848881373123,213.0966250828332,184.68353903876368,210.68004067212368,182.7755216367352
63600,0.040927795408350814,0.04091809562136208,0.039994940694460766,136.23576420777204,62.629435273715714,6.025377941217123,6.024924586789098,226.06173168352356,352.54394472206155,218.24032702305206,191.98060774214963,214.55876834644855,189.10623916643667,213.1144566346115,184.71617526352935,210.71036314078242,182.78881080724506
63700,0.040928834634350875,0.0409187874508502,0.03999493164833545,136.23001049113543,62.609743583446644,6.025850160509762,6.025397251559375,226.09081083625733,352.6572492989519,218.26261779276447,192.01063053259406,214.5970113710261,189.12754619252024,213.13213268764085,184.74860680595006,210.740739729335,182.8020374658506
63800,0.0409298776651946,0.040919483091242354,0.03999492163427884,136.22426684370114,62.590069853686515,6.026321333414633,6.025868944625442,226.11982048571042,352.77044379026285,218.28484311456208,192.04062674695214,214.63524189701255,189.14879855363836,213.1496432199417,184.78079773399446,210.77114967538247,182.8151864304908
63900,0.04093092657039717,0.04092018250295803,0.03999491382074478,136.21852982432645,62.5704132886032,6.026791380997947,6.0263394404084645,226.14874877837136,352.88351664047957,218.30701099413338,192.0706403600377,214.67346602429072,189.16999004421285,213.1670170701056,184.8127537238108,210.80162295136077,182.8282685664809
64000,0.040931980590371016,0.040920888580280194,0.039994905060710045,136.2127999435662,62.55079247087181,6.027260316187323,6.02680880092907,226.1775960777882,352.9963574264848,218.3291051305978,192.10067650990158,214.71165489178352,189.1911151543005,213.18422838781964,184.8445122675497,210.8321405980043,182.84129884050688
64100,0.04093304020415034,0.04092159835746155,0.03999489819667615,136.20707809400554,62.531209308100436,6.02772814258901,6.027277075016887,226.20637214949488,353.1089808278629,218.35113289210335,192.13067497173515,214.74982973020363,189.2121900294471,213.201307790011,184.87604760982433,210.86270054073393,182.85427185457834
64200,0.04093410480671228,0.040922312857542824,0.03999489199507818,136.20136504630125,62.51165617411068,6.02819496215497,6.0277443717617825,226.2350576307273,353.2214228412918,218.37306857316625,192.16068186424417,214.78798791543193,189.23321690407806,213.2182538902119,184.9073536630139,210.8932978414334,182.8671916568188
64300,0.04093517372657489,0.04092303298372398,0.039994885985389986,136.19566209985163,62.49212964762536,6.02866071095264,6.028210599902183,226.263655866156,353.3336928341504,218.39494342878942,192.19070443868426,214.82609223571922,189.25418653535414,213.23506430798412,184.93842382530698,210.92392944471663,182.88003271519577
64400,0.040936246845229105,0.04092375652514817,0.039994880977114906,136.18996523634868,62.47264046462653,6.029125238231071,6.028675725029345,226.29217348154415,353.4457338049454,218.41674185530417,192.22076537745647,214.8641685040138,189.2751159569618,213.25173764763275,184.969265384197,210.95457854419715,182.89284512366032
64500,0.04093732546094039,0.04092448408269767,0.03999487730662278,136.1842733909464,62.45317855595694,6.029588852953785,6.029139569539103,226.32064616913158,353.5575890135063,218.43848241166324,192.2508421151318,214.90220596353208,189.29599354292966,213.26829791685228,184.9998771306572,210.98525623647865,182.90560327171005
64600,0.04093840797733663,0.04092521650740842,0.03999487473754851,136.17859221983113,62.433729631136075,6.030051271674633,6.029602317699894,226.34903082871784,353.6693537327057,218.46014872592315,192.28090683369626,214.9401882132132,189.31678608745023,213.2847299800789,185.03025524084757,211.01596145578154,182.91829385141088
64700,0.040939494200970414,0.04092595337449519,0.0399948726843988,136.17291933388313,62.414314575609836,6.030512710028207,6.030064165238419,226.37734622503706,353.7809220982917,218.48175855084835,192.31100311370443,214.97813969095552,189.33752894212205,213.30107624960075,185.0604048336305,211.04665234319666,182.9309527521828
64800,0.0409405860540708,0.04092669545126647,0.03999487045067862,136.1672528888717,62.39491406077685,6.030973134985628,6.030525183304949,226.40558259364914,353.8924047357204,218.50330342723447,192.34111553506676,215.0160486561713,189.3582074297222,213.3173072021919,185.09033730851937,211.07736579641318,182.94354664758652
64900,0.040941682192121444,0.04092744172442722,0.0399948696571685,136.1615909137333,62.37554107867116,6.03143239626427,6.030984941897825,226.43373809576204,354.0036946337866,218.52479833364524,192.37125222267966,215.05391746943968,189.37886326395332,213.33341327182427,185.12003072605543,211.10809939105764,182.95611178215523
65000,0.04094278230149219,0.04092819246508627,0.03999487007521936,136.15593894688098,62.35620021659849,6.031890683424129,6.03144346859697,226.46183258268667,354.1147845367461,218.54620399508343,192.40138212294607,215.09172994354475,189.39945373836196,213.3494102077561,185.14949760152095,211.13884486801493,182.96862824716962
65100,0.0409438869218818,0.04092894853913798,0.039994871940399426,136.1502913043993,62.33687714906188,6.032347881207388,6.031901016070338,226.4898771856917,354.2257634650148,218.56756160798176,192.43153639124694,215.12949176634453,189.41997479269332,213.3653202370393,185.1787506106838,211.16957600937297,182.98112479782782
65200,0.040944994464402654,0.040929707272415954,0.039994872883774645,136.14465481307,62.317582322264286,6.0328039811471434,6.032357591361359,226.5178350040668,354.33657426094436,218.58884381568225,192.46168674506293,215.16718777842596,189.44043932268374,213.3811529648258,185.20778079383896,211.2003136245774,182.99355358613482
65300,0.04094610560178604,0.04093047036680598,0.03999487344547134,136.13902550173088,62.298311612564355,6.033259101485964,6.032813091514132,226.5457191579526,354.4472307794264,218.6100342362189,192.49185514725195,215.20483198345156,189.46085217067906,213.39689123267667,185.23655625161413,211.23103276835627,183.00593105287777
65400,0.04094722107536336,0.040931239357639926,0.03999487506355254,136.13340255583418,62.27906268720725,6.03371309108242,6.033267717973945,226.5735235912731,354.55775396206354,218.63117921505088,192.52204598350713,215.24241789119404,189.48121559635814,213.41253455896714,185.26511553958682,211.26173312399385,183.01827360101365
65500,0.04094833928710303,0.04093201166622359,0.03999487592122099,136.12778405553476,62.25983717611504,6.034166180992701,6.033720986628295,226.60127523561115,354.6681035668644,218.65227810245585,192.55228668208835,215.2799496553246,189.50151414996103,213.4281221191177,185.2934223926023,211.29243255204182,183.0305656197593
65600,0.040949462303807124,0.04093278881042356,0.03999487776651065,136.1221725772562,62.24064827736935,6.034618262259878,6.034173208501828,226.62895965426776,354.7782290806709,218.67330639425512,192.58255993282296,215.31742724174308,189.52179408430973,213.44363345889371,185.3214908686318,211.32315200382013,183.04286234068437
65700,0.04095058825920726,0.0409335691195342,0.039994879501587734,136.11656757565032,62.22147763778675,6.0350692374309025,6.0346246126374155,226.65659236439552,354.8882484353398,218.69425881521107,192.61286194831615,215.35483969999444,189.54200695511906,213.45906636785142,185.3493617569445,211.3538403445345,183.05513045994493
65800,0.040951716932256715,0.04093435535761296,0.0399948823003559,136.1109710703773,62.20233932725102,6.035519197542,6.0350750468221355,226.6841482320498,354.9980750578206,218.71515679485958,192.64317556983266,215.39218240559975,189.56218057119196,213.47443439593627,185.37701963273832,211.38450621970964,183.06735477538308
65900,0.040952850198058194,0.04093514426095833,0.03999488453619728,136.1053827026735,62.18321745859153,6.0359681135799885,6.035524454683006,226.71161868236356,355.10778968359483,218.7359748386473,192.6735305687285,215.42944492631815,189.58231048312328,213.4897322009936,185.40446002365655,211.4151447575133,183.07956735017524
66000,0.040953986022293866,0.04093593587329714,0.039994886979607985,136.09979988294072,62.16411274934709,6.036416025575966,6.0359728601450024,226.73902696485354,355.2174014609631,218.75673351357892,192.703883494834,215.4666597834452,189.60234583279885,213.50497375255412,185.4316831346963,211.44575919612402,183.09173407935745
66100,0.04095512462073288,0.04093673384594954,0.03999488929647629,136.09422159375265,62.14503343023528,6.0368629653486465,6.036420239294872,226.76640482991968,355.32684740641076,218.77741746130832,192.73429389293184,215.5038017171942,189.6223421824489,213.52018372535895,185.45868797733536,211.476341904337,183.1038674562672
66200,0.04095626927033517,0.04093753497039106,0.039994892884600966,136.08865063299913,62.12597218157418,6.0373087986878575,6.036866819052727,226.79371616498847,355.43618557685613,218.7980265121794,192.76471125880684,215.54087573793976,189.64231473101572,213.53531052350036,185.48546765704097,211.50690091979294,183.11598500168395
66300,0.040957416174998186,0.040938339793937746,0.039994896377563975,136.083086119829,62.1069290632468,6.037753690950707,6.037312468680195,226.8209617071156,355.54541107823286,218.81859756139386,192.79516285778433,215.57786946985587,189.66223127681607,213.5504142127496,185.51203619613833,211.53742628325554,183.1280964637449
66400,0.04095856437664902,0.04093914899097241,0.03999490061474979,136.07752838445157,62.08790152558987,6.038197483585721,6.037757003897381,226.84814454854396,355.6545330044471,218.83907383106776,192.82565558876428,215.61479412990383,189.68204155107856,213.56545763032986,185.53836417458345,211.56789344247085,183.1401604683769
66500,0.04095971514713197,0.04093996234145734,0.0399949049602568,136.07197873610625,62.06892646062877,6.0386403958527515,6.038200415928221,226.8752706364515,355.7633456696651,218.85949364533124,192.85615415445162,215.65162670569663,189.70178272228833,213.58046139441583,185.56448411564648,211.59831572568132,183.1522160883522
66600,0.040960868222493105,0.040940779741822766,0.039994908352632606,136.0664337507174,62.04998004739113,6.039082268690773,6.038642776247115,226.9023271592402,355.8719787409516,218.8798592312636,192.8866641504015,215.68839669173855,189.72145468049845,213.59543650191307,185.59040945477088,211.62871935790906,183.164252817818
66700,0.04096202453411438,0.04094160173616952,0.03999491239409173,136.06089624604775,62.031052761139506,6.039523143418785,6.0390843159963,226.92933952805097,355.98049714109084,218.90017608077662,192.91719960805614,215.72508637424625,189.74108840595704,213.61037812431724,185.616134315025,211.6590576134604,183.17626761470711
66800,0.04096318207453892,0.04094242596149232,0.03999491556410936,136.05536370642037,62.01216002590767,6.039962838108804,6.039524701135535,226.95630591082985,356.08879941654646,218.92039739959566,192.94781212830307,215.76169952928345,189.76068355984083,213.6252752392088,185.6416289778013,211.6893499444057,183.18827311921808
66900,0.04096434328025005,0.040943253827667274,0.03999491881792589,136.0498368836344,61.99328213685292,6.040401686923967,6.039963946752131,226.98320660761615,356.1969861599024,218.94057597900925,192.9784351780375,215.79823022700785,189.78020708667393,213.64016554184252,185.6669042329698,211.71959944643027,183.2002700072459
67000,0.040965508887331734,0.04094408608283995,0.03999492379277289,136.04431693075887,61.97443329495327,6.040839577539585,6.0404024392665265,227.0100550252307,356.3050130558782,218.96067120985512,193.00907249278805,215.83467489213595,189.79965194577437,213.65503337052525,185.69199924165673,211.74979839891145,183.21226037138896
67100,0.04096667507341547,0.040944924166112596,0.03999492726796653,136.03880208670518,61.955591930679866,6.0412764476652985,6.04084015480582,227.03683872006178,356.41298849864324,218.980704769596,193.03975692116043,215.87105139725855,189.81908321801487,213.6698851844617,185.71689052190575,211.77994652838302,183.2242465389733
67200,0.04096784270525967,0.040945764214281435,0.039994929499891085,136.03329518609664,61.936763016302116,6.041712390133826,6.041276881425019,227.06356186505428,356.52088430730055,219.00069406617027,193.07049124711486,215.90734958307013,189.83844856161963,213.68470193222805,185.7415453999775,211.81003554608944,183.23622848320366
67300,0.040969014456675584,0.040946608469316303,0.03999493287475133,136.0277917103735,61.91797161878135,6.042147314032927,6.041712555970594,227.09024481410253,356.6285614799886,219.02061455249537,193.10121665684363,215.94355836499827,189.8577642178488,213.6995263491492,185.76601719166874,211.84008084620996,183.2481828544291
67400,0.04097018535654179,0.04094745498149813,0.0399949364923972,136.02229457890317,61.89921202619385,6.0425813685350125,6.042147204014521,227.11686472264148,356.7360415192368,219.04048051799506,193.13197780945274,215.9796836888696,189.87701437046363,213.71433040050124,185.79029562876462,211.87007577600696,183.26016184687583
67500,0.040971359589150054,0.0409483048364497,0.039994938934449095,136.0168043630055,61.88047454369388,6.043014500654459,6.042580867060772,227.1434353567475,356.84339227075174,219.06027420830898,193.16276974780823,216.01573420442296,189.89619241999046,213.72912296061062,185.81435469583346,211.9000100937614,183.27211013659516
67600,0.04097253564583725,0.04094915888512183,0.03999494084550101,136.01132064553116,61.86176734443701,6.043446594794376,6.0430134145538235,227.1699646646983,356.95054821997456,219.0800039837474,193.19358437610467,216.05171143370296,189.91533172285568,213.74391359583797,185.83822717144133,211.9298620275071,183.28407111077536
67700,0.04097371222476742,0.04095001621475474,0.0399949433309301,136.00584170631694,61.843102835517776,6.043877847975535,6.0434450334610785,227.19643249687465,357.05745381648154,219.09966193833736,193.2244495068655,216.08761407404492,189.93441427337603,213.75871907044817,185.8619371434977,211.95966142014345,183.29601447285967
67800,0.04097489176242719,0.04095087780795423,0.03999494533517336,136.0003656259789,61.82444719796406,6.044308170350537,6.043875751702205,227.22286630128932,357.16429674935483,219.11926860891816,193.2553476448323,216.12341278135747,189.95346178017138,213.77353371119966,185.8854336701412,211.98939244285535,183.30797668970894
67900,0.04097607435911937,0.040951741443983176,0.039994946963745594,135.99489682876847,61.805824014956315,6.044737411181834,6.044305617477395,227.24923782111966,357.2709599125704,219.13882503660247,193.2862654324005,216.1591065817298,189.97244521674318,213.7883418120712,185.908754635797,212.01906496008374,183.31995163565648
68000,0.04097725716209046,0.04095260916615183,0.03999494924900955,135.9894352742247,61.787240896271356,6.04516573597249,6.044734331287977,227.275557251395,357.37738058829376,219.15832808950427,193.31721888241617,216.19473990149584,189.99133679741564,213.8031587696802,185.931869806882,212.04865697194722,183.33192150283608
68100,0.04097844104398804,0.04095347895429064,0.039994949931300657,135.9839787520034,61.76866593959243,6.04559313637138,6.045162052662632,227.3018378195705,357.4837371567758,219.1777521020324,193.34817631346425,216.23028646794359,190.0101758116164,213.81799174187165,185.95481234507128,212.07817276403205,183.34390038169013
68200,0.04097962724350343,0.04095435028969828,0.0399949496599172,135.97852683956833,61.750117861035186,6.046019594712074,6.045589014894849,227.32805635204923,357.5899466899296,219.19713958956797,193.37917653221027,216.2657313067679,190.0289569946152,213.83282561284344,185.97757675339585,212.10761909713202,183.35589516007536
68300,0.040980814820774855,0.040955224422748814,0.03999494980652301,135.97308156866654,61.73159489517601,6.046445035960954,6.046014972671581,227.35423197379956,357.69600287416574,219.21644241853156,193.410191298603,216.30108827259076,190.0476795126955,213.84769375455042,186.00017110121374,212.1369726231906,183.36788072197737
68400,0.04098200289189371,0.04095610432917583,0.03999494915440446,135.96764087558185,61.713083990909695,6.046869655600456,6.046439950935048,227.38038246401356,357.8019647619469,219.2356876635666,193.44124716591128,216.33635946277502,190.06636523596586,213.8625722292157,186.02257116098784,212.16625491148804,183.37988670643804
68500,0.04098319266406101,0.040956985895486665,0.039994947752742524,135.96220670228328,61.69459531559918,6.0472932508135075,6.04686410809842,227.40646617739577,357.9078055051849,219.25485376471687,193.47233636685777,216.37153189824434,190.08499308075483,213.87749194809115,186.0447940020527,212.1954590831824,183.39190754504025
68600,0.040984383887739013,0.040957870975206034,0.03999494611064323,135.9567772392786,61.67612888479347,6.04771595702511,6.047287381505877,227.43253604088264,358.01352441221167,219.27395857570417,193.50342900716763,216.40662615354609,190.1035269599246,213.8924498482186,186.0668449931377,212.22458883445753,183.4039337439125
68700,0.04098557501875379,0.04095875784686788,0.03999494534764261,135.9513564897468,61.657702458242404,6.048137726451226,6.047709865017953,227.45854073938926,358.11901116375,219.29301313332024,193.53457133879644,216.44161510297158,190.12202706706768,213.9074287137979,186.0887426908292,212.25364075338575,183.4160157624619
68800,0.04098676833104027,0.04095964798208377,0.03999494347044566,135.94593984485593,61.639287013238636,6.048558630842579,6.048131549085129,227.48450846685895,358.2244260439057,219.31199411801597,193.5657518440815,216.47652953017334,190.14047246932725,213.92244059479683,186.11047167685936,212.28260930027156,183.4281365741972
68900,0.040987962251205566,0.040960541707399385,0.039994940034587256,135.94052844012631,61.62089558094339,6.0489785328809,6.048552068478258,227.5104092974508,358.3296855025549,219.3309217990098,193.59693289529034,216.5113443400612,190.15886940609158,213.93747528124968,186.1320293715965,212.31149091982314,183.44027287925908
69000,0.040989156249648495,0.04096143710613866,0.03999493576916643,135.9351239046941,61.60253331835154,6.049397489847352,6.048971637830037,227.53627114646721,358.4347659326426,219.3497777415986,193.62812949313084,216.5460723559122,190.17718006082228,213.95254067753362,186.15344392891413,212.3402521642955,183.45242263272155
69100,0.040990352902291305,0.04096233485879025,0.03999493214158315,135.9297236689443,61.584183418393856,6.049815630729821,6.0493901716961815,227.56211242686248,358.5397664445529,219.3686110332571,193.65934960701827,216.5806973788787,190.19542593747076,213.96765016665375,186.1746674698487,212.36893869822714,183.4645829872667
69200,0.04099154985062398,0.04096323569990929,0.03999492885644649,135.9243282064721,61.565865698405396,6.050232743693465,6.0498079141165935,227.58790008270336,358.64458980654496,219.38737581213834,193.69060992827468,216.61523910313943,190.21363341158317,213.98279565164233,186.19574061487452,212.39755658374511,183.4767674286857
69300,0.04099274782437598,0.040964138090031035,0.03999492341520623,135.91893815676957,61.54757795221542,6.05064894647532,6.050224808625546,227.61364557667497,358.7492348197302,219.4060646802167,193.72188278552318,216.64969485849113,190.23176685862478,213.99799970525154,186.21666664467816,212.42606186319892,183.4890098879801
69400,0.04099394746907123,0.04096504299979852,0.039994918307581874,135.91355133333147,61.52933867935735,6.051064341205064,6.0506404789714106,227.6393548299832,358.8535931897736,219.42471138317325,193.7531548293564,216.68407927061122,190.24984352442763,214.01325728751877,186.2374290093969,212.45444831503391,183.501294609933
69500,0.04099514718011003,0.04096595003817431,0.03999491148763499,135.90816999910973,61.5111237082255,6.051478879271922,6.0510552758589435,227.665035247104,358.9578098916014,219.44330711650645,193.78445919535474,216.7183618867984,190.2678542649589,214.0285680459244,186.2580388323923,212.48276780584968,183.5135915021048
69600,0.04099634674647779,0.04096686027610192,0.039994903393742356,135.9027961843031,61.49291742734832,6.051892533012578,6.0514694152642,227.69067432955046,359.061976686579,219.46181002139133,193.81582717515383,216.75254126333581,190.28581897943926,214.04391348034142,186.27853195187856,212.51101292725963,183.5259328260019
69700,0.04099754424979734,0.04096777043846602,0.03999489495327482,135.89742956508834,61.47473364795636,6.052305324963083,6.0518825910509095,227.7162748031348,359.16600646729376,219.48026948123464,193.84717995268295,216.7866156324529,190.3037298367318,214.0593266781208,186.29886093528523,212.53913268749736,183.53831155270976
69800,0.04099874437666598,0.040968684644348614,0.03999488612009883,135.8920672280061,61.4565845877285,6.05271712517775,6.052294790429915,227.7418401104287,359.26983091387484,219.49867005876462,193.87853712134867,216.82061973579087,190.3215485658514,214.07479676050846,186.31905992252683,212.56715711815812,183.55072614858508
69900,0.04099994421212392,0.04096960114480145,0.039994875426375184,135.88670931733168,61.43845091065472,6.053128088644949,6.052705988147798,227.76736402833214,359.3735641203793,219.51701707266574,193.90991475137216,216.85452640212102,190.3393088079693,214.09034111179528,186.3391007182861,212.5950819594947,183.56318331137985
70000,0.04100114461236358,0.04097051843396197,0.03999486389052241,135.881360327639,61.42033073555812,6.05353808069206,6.053116359759366,227.79283884442538,359.4772188926411,219.53531528089445,193.94130373304134,216.88833665341247,190.35701091587137,214.1059301986029,186.35898629010117,212.62291016554235,183.57567624183025
70100,0.04100234552445283,0.040971437091501715,0.03999485036453459,135.87601522050332,61.40224372042583,6.053947154286571,6.053525706166431,227.81827217035652,359.58066885016336,219.55353122903256,193.97270295356995,216.92205861704693,190.37466401037443,214.12156714520793,186.37875134056483,212.65062540015697,183.5882198145986
70200,0.041003546385825304,0.04097235750227894,0.0399948364377769,135.8706714723253,61.38418253133681,6.05435548184505,6.053934258283674,227.84369682407024,359.68396984714246,219.57171100858903,194.0041443557862,216.9556967606357,190.39224637164628,214.1372918146335,186.39838934780357,212.6782627358277,183.6008323039385
70300,0.041004747127130814,0.04097328028346392,0.03999482267998357,135.86533552901165,61.366150830246205,6.054762956224332,6.05434211354897,227.86907691130796,359.787113352505,219.58981262751087,194.03559142309808,216.98923230527367,190.40977959702363,214.15306979089752,186.41790156863402,212.70578825909064,183.61349526869392
70400,0.04100594769201412,0.04097420418571244,0.039994807545048784,135.86000420628108,61.3481481603109,6.0551695388146545,6.054749058707963,227.89442633062603,359.89008477272114,219.60786683466978,194.06706487686913,217.02267717674428,190.42724028047004,214.16889618181392,186.43730520683323,212.7331924529506,183.62623317139088
70500,0.041007148276374285,0.04097512984454363,0.03999479068778956,135.8546795141947,61.330187251669095,6.055575292010819,6.055154854022864,227.91974655757477,359.99280831465745,219.62586312240344,194.0984928711639,217.05602355302622,190.44461996047525,214.18480928231062,186.45658065866098,212.76050692395432,183.63902674520875
70600,0.04100834939274314,0.040976056607288425,0.03999477436280064,135.84936020956795,61.31223634964273,6.05598003772879,6.0555601630111004,227.94502274496486,360.09549071539016,219.64378646948796,194.12997609823947,217.08926867357022,190.4619582301054,214.20081318457443,186.47576236978463,212.78770037380977,183.65188634409947
70700,0.041009550021306386,0.040976987447148956,0.039994756619131905,135.84404466801203,61.29429423699726,6.056384012332662,6.055964612365223,227.97026905950162,360.1981196137581,219.66167248910193,194.16147945905774,217.1224274854431,190.4792497448768,214.21689936270113,186.494798451367,212.81479239568696,183.66481487653792
70800,0.041010750710147384,0.040977917710863905,0.03999473873606853,135.83873303192058,61.27638842408175,6.05678705715033,6.056368061369024,227.9954813173887,360.3005215434652,219.6795208253511,194.19302569875902,217.15548370559176,190.49650510175465,214.2330499430683,186.5137228589,212.84175388944976,183.6778067412929
70900,0.04101195161481122,0.04097885004080486,0.0399947189030579,135.83342789126974,61.25850192029049,6.057189149261538,6.05677087332464,228.02065927517594,360.4028279873391,219.69729929043842,194.22459043930945,217.18844587030742,190.51367459138422,214.24926947235653,186.53254100124752,212.86862543958807,183.69086582664215
71000,0.04101315014631237,0.04097978346833733,0.03999469860068425,135.82812834455927,61.240647851182345,6.057590366337997,6.057172618771298,228.04579587979762,360.50493529890434,219.71501944522515,194.2561234155253,217.22132515268854,190.53077740799125,214.26555618561713,186.55123336098757,212.89539011333326,183.7040057951415
71100,0.04101435017275944,0.04098071846033355,0.03999467794964479,135.822836707043,61.22283591172928,6.057990878689157,6.057573355297932,228.0708947827845,360.60680449470243,219.7326998672221,194.28765201472007,217.25412172008382,190.5477938410769,214.28191322506595,186.56982598433387,212.92203583777902,183.71720823173663
71200,0.041015549995524384,0.040981652471275935,0.039994655042580644,135.81754832127433,61.205053715236915,6.058390406992967,6.057973245713105,228.0959711984314,360.7084979948928,219.75032178269893,194.31920577214734,217.2867929475307,190.56476131063175,214.29834462407524,186.58834013816247,212.94858533300075,183.73049872088512
71300,0.0410167485089237,0.040982589161301604,0.03999463056780604,135.81226612022513,61.187284529003314,6.0587890660233,6.058372534496535,228.1210094999877,360.8101304616727,219.76787193701685,194.35079267593053,217.31936430102576,190.58169071819862,214.3148657124216,186.60675342507534,212.97498862963928,183.74386031316394
71400,0.041017947503052016,0.04098352679678359,0.03999460517687328,135.8069872969408,61.169534550340416,6.059186838354511,6.058770972403402,228.1460200756818,360.91165019931356,219.78536780898943,194.38236467695086,217.3518600055551,190.59855197431176,214.33146626238613,186.6250555069683,213.00129576963644,183.75728561465
71500,0.04101914594996031,0.04098446559028206,0.03999457871086039,135.80171771692397,61.15181583605036,6.059583809967245,6.059168441656905,228.1709916268259,361.01298206629536,219.80279038299417,194.41394188000513,217.38425906382312,190.6153465989888,214.3481517457631,186.64328126521977,213.02749400105296,183.7708209893868
71600,0.04102034356241394,0.0409854062455271,0.03999455176232944,135.79645264045922,61.13412459882803,6.059980005377136,6.059565102141192,228.19595108804683,361.11416688804184,219.82016210650943,194.44551796265253,217.4165413884611,190.63202957111073,214.3649339569402,186.6613859354756,213.05357016126544,183.7844096466504
71700,0.04102154134900724,0.040986348033330164,0.03999452220000809,135.7911923429683,61.116450416915214,6.060375375897191,6.059960819454631,228.2208846902464,361.2152435310616,219.83750943873932,194.47708764796758,217.4487434143704,190.6486515552485,214.38180459947486,186.679439035183,213.07954863784235,183.79806516012158
71800,0.04102273785960306,0.04098729063243675,0.039994491161389194,135.78593838543947,61.098784500923216,6.060769782949077,6.060355969875163,228.24577122740263,361.3162874730955,219.85479213736392,194.50865968866768,217.4808616845545,190.6652068213285,214.39873880858536,186.6974039922401,213.10540723887823,183.81182500161484
71900,0.041023932612034006,0.0409882327689187,0.03999445916975718,135.78069091130624,61.081162730718944,6.061163218236297,6.060750284132547,228.2706323191134,361.4170857376469,219.87201121116223,194.5402805641555,217.51286211868566,190.68172711759826,214.41574340720945,186.71527129663173,213.13113646465163,183.8256771694866
72000,0.041025126626564684,0.04098917448022105,0.03999442635745105,135.77545035196465,61.063579096174635,6.061556039778163,6.061143621255508,228.2954773057398,361.5176573170548,219.88917434535315,194.57190752292973,217.54476997993797,190.6981912714209,214.43286557529564,186.73306469512085,213.15675394009057,183.83962917353804
72100,0.041026320561537724,0.0409901175330071,0.039994393257939874,135.77021507065407,61.046022617491765,6.0619480128541205,6.061536095123813,228.3202934611727,361.61807838283295,219.90630155399103,194.6035291084055,217.57659257420795,190.7145652787842,214.4500631053568,186.7507726357553,213.18226994970888,183.85368350288667
72200,0.0410275138806214,0.040991061936633016,0.0399943577573076,135.7649818386123,61.02848871336321,6.0623391298705585,6.061927558803203,228.345085710609,361.7183506711933,219.92337000297087,194.63513407729894,217.60832867295574,190.73087157488598,214.46736044909326,186.76840587326154,213.20767320415308,183.867817642374
72300,0.04102870597658831,0.04099200670716564,0.0399943197548869,135.75975540441996,61.010967851152294,6.0627292388111425,6.062318305885145,228.3698382502987,361.8185530933141,219.94038567115692,194.6667235063158,217.63993783149496,190.7471300700993,214.48471998529993,186.7859452727505,213.2329661021493,183.88205665665203
72400,0.04102989756401047,0.04099295195062899,0.03999428076223838,135.75453747471585,60.99345816019262,6.063118606925661,6.062708430150529,228.39455354879595,361.91869395208965,219.9573559441153,194.69833444566234,217.6714617923461,190.7633236961278,214.50216986249595,186.80342190216734,213.25813717627048,183.8964183764539
72500,0.04103108799137985,0.04099389794010247,0.0399942429345746,135.7493233504685,60.975990190765806,6.063507190601241,6.063097802466247,228.41925565920346,362.0186110685386,219.97426411270467,194.72995340231873,217.7028859943245,190.77945469029444,214.51972000163738,186.82083094979953,213.28319720822964,183.91087647073007
72600,0.04103227693022326,0.040994843592169275,0.03999420332678455,135.74411340688738,60.9585639909675,6.063895073169509,6.063486219259525,228.4439293100481,362.11828695112814,219.99114314629654,194.76158294142206,217.7342164732334,190.7955411957097,214.53735572321273,186.83819232644197,213.30814346691474,183.92545762913127
72700,0.04103346561204698,0.0409957902814271,0.03999416156034477,135.7389113802794,60.941155223583294,6.064282056535773,6.063873726219656,228.46858391901074,362.21785581099795,220.00794393036875,194.79319196102662,217.76544904019437,190.81153068258115,214.55510391958015,186.85550604931842,213.33297083796407,183.9401400979295
72800,0.04103465515920043,0.04099673685996304,0.03999411771600514,135.73371790634,60.92377535163759,6.0646681789357135,6.064260379900656,228.49322041225605,362.3172640706109,220.0246857572213,194.82478383736986,217.79657829685644,190.82743668004844,214.57291865309378,186.87276573944857,213.35769363268955,183.95491624215833
72900,0.04103584192548148,0.04099768365854502,0.03999407212513574,135.72853054899412,60.906424289533945,6.065053366818249,6.064646249988784,228.51779983672654,362.41651361530825,220.04138276823647,194.85638864005145,217.827600841411,190.8432637394747,214.59082643811092,186.889945832843,213.38228908396584,183.9698138988669
73000,0.04103702707981065,0.040998630782713166,0.03999402596028651,135.72335002285377,60.88907927860449,6.065437843348344,6.065031289291901,228.5423668300238,362.51572468075153,220.05802392375338,194.88797325466513,217.85855171659406,190.85903759486592,214.60881404915608,186.90707900888623,213.4067777788509,183.9848193864753
73100,0.041038212382487546,0.04099957848767308,0.03999397996792534,135.71817459485231,60.87177028560249,6.065821659230182,6.065415501175027,228.56693072066204,362.6147346313317,220.07463668997548,194.91952789344614,217.88940741254535,190.87474678937642,214.6268992138102,186.92416245946242,213.43115883009426,183.9999157050905
73200,0.04103939603072543,0.04100052513804907,0.03999393105629677,135.71300667845958,60.85448878855916,6.066204517144186,6.06579885357893,228.5914731680947,362.7135873957348,220.0911854592374,194.95108476077988,217.92014983073085,190.89038762631364,214.6450368229259,186.94117901040983,213.45542367370012,184.01514948780812
73300,0.04104057793646339,0.04100147062546095,0.0399938803594153,135.7078421259433,60.83723916446258,6.066586449300517,6.0661812755469375,228.61596584420133,362.8122450190251,220.1076837071013,194.98265881668516,217.95078964813055,190.9059882800792,214.66327159715004,186.9581342516127,213.47958229254058,184.03051455939735
73400,0.0410417587318595,0.04100241763880316,0.039993827527477405,135.7026842443083,60.82001421657837,6.066967629234189,6.066563102871172,228.6404412440205,362.9107759310008,220.12412633350988,195.01426559440532,217.98133995615152,190.92150535120493,214.68160178205318,186.9750434865048,213.50365103123818,184.04601586884064
73500,0.04104293814593538,0.041003364056223686,0.03999377514779749,135.69753321886284,60.802812311065395,6.067348061952243,6.066944122603422,228.66489642742044,363.0091852802647,220.1405322800903,195.04586442848543,218.0118177650415,190.93696134493067,214.70000245731043,186.9919150463225,213.52756981226224,184.06159926388764
73600,0.04104411715414686,0.04100431106691338,0.039993720656992665,135.69238434843876,60.78563631030671,6.067727732769232,6.067324280141831,228.68932418561687,363.1074520476772,220.1568965710213,195.07739677593545,218.0421565701788,190.95234825709653,214.71851210564338,187.00875986249062,213.55139526201154,184.07729399490253
73700,0.04104529455279051,0.04100525621608119,0.03999366550176262,135.687242559783,60.76848561283592,6.068106450048492,6.067703645285401,228.71374294371668,363.2055712716381,220.17321032905093,195.10892694476664,218.07238795570808,190.96766884711823,214.73711618687756,187.02558105789325,213.57510924429516,184.0931082965995
73800,0.04104647195639687,0.041006201852544416,0.0399936091053052,135.68210782042493,60.75136763679298,6.068484405956407,6.068082121715194,228.73812542923437,363.3035054599152,220.1894977243921,195.14044032655144,218.1025412736033,190.98292334760978,214.7558001181616,187.04237731342772,213.59870609638642,184.10906317419338
73900,0.04104764677618064,0.041007147850383986,0.03999354922355157,135.67697920280727,60.7342824220578,6.0688615710611336,6.068459725644046,228.76249303595714,363.4012469699824,220.20572203482536,195.17197146904843,218.132599466892,190.9980999034916,214.77458615205086,187.05914078305528,213.6221959382142,184.1251405701522
74000,0.04104881993038154,0.04100809344183618,0.03999348956597832,135.67185905720876,60.717216414993466,6.06923795117732,6.068836616284545,228.78684120241473,363.4988838084403,220.22189709325104,195.20352250451734,218.1625572210348,191.01320173805098,214.79343562043445,187.07586724739392,213.64558648483856,184.14135508948274
74100,0.04104999236004418,0.04100903776099912,0.039993426401124785,135.66674513740676,60.700173292005175,6.069613669016345,6.069212707840071,228.81117384915177,363.5963963869025,220.2380124861928,195.23505898838454,218.19241806665244,191.02820695414556,214.81236227352798,187.09257717288426,213.66886582885235,184.15769406353203
74200,0.041051161538015295,0.04100998153578597,0.039993362206427574,135.66163880137816,60.68314216923097,6.069988514159968,6.069588085805678,228.83547005434474,363.6938492731513,220.25409465415524,195.2665667900227,218.22217990195276,191.04315420595276,214.83137844102433,187.10922912491583,213.69201759053863,184.1741554413273
74300,0.04105232958831188,0.04101092424704167,0.03999329830380802,135.6565368301524,60.666153505926665,6.0703626846236824,6.06996250649953,228.859747158226,363.7910585368659,220.27012495212333,195.29804844958966,218.2518382376452,191.05804331140197,214.85048331511155,187.12583881554562,213.71507730223908,184.19073164827796
74400,0.041053496891491334,0.04101186654829292,0.039993231001602084,135.65144079239778,60.649215344228736,6.070736035634352,6.070335949943424,228.8839930674482,363.8879777090613,220.2861128341147,195.32954308810596,218.28140260002613,191.0728794896123,214.8696634363874,187.1424323711493,213.73803968623199,184.20746214076848
74500,0.04105466435708555,0.041012807816012666,0.03999316333484489,135.6463523412135,60.63229478568166,6.071108490793366,6.07070861815492,228.90823262487922,363.9847938960996,220.30205798307748,195.36102885952707,218.31084938960277,191.08764877811285,214.88892851706504,187.15900547247742,213.76087942332646,184.22429861090342
74600,0.041055829275072286,0.04101374858889325,0.03999309492678332,135.64127241060208,60.61539428841383,6.071480142785731,6.071080602302731,228.93244795630991,364.0815105103705,220.3179617277284,195.39249444825214,218.34019535041492,191.1023034509007,214.90825261615095,187.17556970375657,213.78361195855686,184.24127608665694
74700,0.041056992292947486,0.04101468827136344,0.03999302372871772,135.63620158975021,60.598532488400735,6.071851003580628,6.071451918414951,228.95663802161002,364.1780285588817,220.3338182810024,195.423934223095,218.36943068973542,191.11689602896428,214.92764615956065,187.19212360870384,213.80625268678924,184.2583791219024
74800,0.041058154509319024,0.0410156277544482,0.03999295158078688,135.63113431822208,60.58167738739185,6.072221096472345,6.071822657058891,228.98079393246005,364.27451361741095,220.34963069458382,195.45537789182686,218.39857563308271,191.13141246947103,214.947143611982,187.20868416280675,213.82880331964404,184.27562683842635
74900,0.04105931552086898,0.04101656505992352,0.039992877383077684,135.62607264349123,60.56483965887314,6.072590413642853,6.0721924922574635,229.00493036838338,364.37088525853096,220.3654094852514,195.4867916829558,218.42760944550062,191.1458737370846,214.96669382512167,187.22525509397192,213.85125296875194,184.29300679615955
75000,0.041060475641864755,0.04101750210144906,0.039992801221382636,135.6210164227442,60.54802988926135,6.072958972752514,6.072561468053282,229.02905864889547,364.4670995316511,220.38114061354779,195.51818720339975,218.4565390772628,191.1602460960338,214.98632284956997,187.24180353559038,213.87360468990317,184.31050672692905
75100,0.04106163360328503,0.04101843919665235,0.03999272296465526,135.6159697607902,60.53125196635068,6.073326634917414,6.072929723284506,229.05315448657603,364.5631448357553,220.39681661588492,195.54958152072354,218.48538104240112,191.1745636442578,215.00603292661106,187.25833143399387,213.89583295099234,184.3281571264348
75200,0.04106279028850972,0.0410193764147978,0.039992644025767896,135.610928948545,60.51451214746571,6.073693474697451,6.073297147130366,229.07723877731058,364.658976200962,220.41245342839537,195.58098192396648,218.51409912242835,191.18881914691084,215.02580791286798,187.27485009915142,213.9179627201085,184.34594198037678
75300,0.041063944619104516,0.0410203121762654,0.03999256355808545,135.60589420195276,60.49780063799199,6.0740596807969816,6.0736637118134045,229.10132705425957,364.7546494214045,220.42805561095037,195.61235958426948,218.5427159806521,191.2030057250731,215.0456439144185,187.291361097431,213.93998942717727,184.36387378071058
75400,0.04106509749242101,0.041021245516481716,0.03999248153260203,135.60086742268336,60.48110532922234,6.074425234544838,6.074029550368194,229.1253853499932,364.8502344340024,220.44363756448416,195.6437053372649,218.57124999467757,191.2171067162798,215.06557961507912,187.30787303116526,213.9619214243516,184.3819201291781
75500,0.04106624863040573,0.04102217847036215,0.03999239687485629,135.59584877338756,60.46442601674031,6.074789931548186,6.074394608984742,229.14941706008085,364.94573849014483,220.45918734335913,195.67503744019277,218.5996724505628,191.2311075203067,215.0855874615651,187.32438043471325,213.9837487601965,184.40009232902105
75600,0.04106739779038701,0.041023111545069525,0.03999231132913535,135.59083802109822,60.44777930303581,6.075153805116664,6.074758900732535,229.17343229081587,365.0410582936615,220.47465862195014,195.70633785140015,218.6279999994364,191.24507930203026,215.10563985776542,187.34089736399324,214.0054866300061,184.41840268325467
75700,0.04106854524234943,0.041024041788207725,0.039992224657691526,135.58583492123051,60.43116306759157,6.075516766998383,6.075122194998741,229.19741873756632,365.13619318203143,220.4900803080767,195.73764739884876,218.65619617056998,191.25895970210098,215.12576599585847,187.35742671919422,214.02713629667875,184.43685196239386
75800,0.041069691610296756,0.041024969605592834,0.03999213693425227,135.58083992247973,60.41457861630611,6.075879157967077,6.075484762020057,229.22136715289415,365.2311575026617,220.50547659207518,195.76895327000398,218.6842991550955,191.27276947406077,215.14596637406595,187.37395676009953,214.04868083747516,184.45544909919397
75900,0.04107083783353218,0.041025896587980865,0.03999204666836751,135.5758514548446,60.39802494983284,6.07624077187116,6.075846795640321,229.24530926875786,365.32596944801344,220.52083555821693,195.80026936529336,218.7123081391965,191.28650427723704,215.16620900610758,187.3904745069121,214.07011913898253,184.47416487624494
76000,0.041071981365605345,0.04102682338974793,0.03999195568867411,135.57086929392867,60.38149814054986,6.076601536406284,6.076207837535496,229.2692427896638,365.4206124849661,220.5361559564271,195.83153820350134,218.7401973727441,191.30016935401864,215.1865199313082,187.40702598720642,214.09147788067278,184.4930417481264
76100,0.04107312470644509,0.041027749676448844,0.03999186199880326,135.5658989100517,60.365014751587765,6.076961576170919,6.076568074113232,229.29313791981448,365.5150231571761,220.55145490240463,195.86275681777335,218.76797285109473,191.31374275170558,215.2068690276586,187.42357542851468,214.11273626912495,184.51201272626156
76200,0.04107426507544341,0.04102867560408478,0.03999176607665583,135.56093493789683,60.348539209956634,6.077320846820383,6.076927847096384,229.31701092583782,365.60940217044185,220.56670712381333,195.89399079245484,218.795641391586,191.32725953442676,215.22729870390404,187.4401614287867,214.13387934321486,184.5311278829145
76300,0.04107540240873576,0.04102959796848473,0.03999167013561387,135.55597887928647,60.33208983134589,6.077679419099436,6.0772866083701915,229.34089234304332,365.7036256574824,220.58192017543564,195.92520561440594,218.8232374960463,191.34072843238948,215.24776120384544,187.4567363802448,214.1549460359686,184.55037676123112
76400,0.0410765400614278,0.04103051862981445,0.03999157239903455,135.55103000641498,60.31566851096987,6.0780372818500235,6.077644654704953,229.36475485693887,365.7976993286311,220.5970920693478,195.95642240643693,218.8507028373879,191.3541374933382,215.2683075368203,187.47332735106252,214.17592815068784,184.56976134716618
76500,0.04107767614211798,0.041031437389688605,0.03999147251992294,135.54608692958482,60.29928414517237,6.078394337407829,6.078001877036351,229.3886116909519,365.8915647411597,220.6122354711147,195.98762144439897,218.87804038597926,191.3674696112972,215.2889011956757,187.48993066080783,214.19682799181427,184.58927497414388
76600,0.04107880989099084,0.04103235596399647,0.03999137055395815,135.54114910514028,60.282914600253925,6.078750624877416,6.0783584956199945,229.41244107873246,365.98535601156027,220.62733318007258,196.0187777274122,218.90525126722233,191.38070632849562,215.3095510577091,187.5065565653992,214.2176442906301,184.6089157053346
76700,0.041079942102788994,0.04103327166151245,0.03999126926257965,135.53622548966138,60.266574348763406,6.079106139971949,6.078714105946204,229.4362340527983,366.07897541957277,220.64239888061908,196.04990721972504,218.9323643429829,191.3938642718864,215.33024206511348,187.5231927275412,214.2383613108201,184.6286783352347
76800,0.04108107200628134,0.041034186740649986,0.03999116480922456,135.53130855693888,60.25025795358971,6.079460965819871,6.079069099991321,229.46002185095585,366.1724760945523,220.6574162635205,196.0810347380546,218.95939325910877,191.40696426552356,215.35098090243483,187.53988849104633,214.25898612332753,184.648579425873
76900,0.04108220139856449,0.0410351003639409,0.039991059108786454,135.52640088504134,60.23397448161293,6.079814970336333,6.079423502657387,229.4837812036965,366.2657977454096,220.6724126023625,196.1121947302553,218.9862926842154,191.41998366089632,215.37176533080992,187.55660527199902,214.27951466896474,184.66861850235674
77000,0.041083329395308434,0.04103601215261038,0.039990950389411535,135.52149960899632,60.217717140487345,6.080168248325076,6.079777070195993,229.50753403838272,366.35896846701746,220.68735528226642,196.14334964259172,219.01311508065905,191.4329521546147,215.39261871416952,187.57334466709332,214.29995958246036,184.68876836359271
77100,0.04108445573732885,0.04103692349494365,0.03999084104853137,135.51660731530805,60.20148755616839,6.080520763731852,6.080130061503083,229.53125446041872,366.45201076689284,220.70228141877135,196.17446374218457,219.03979287392605,191.44583914332375,215.41349646850816,187.59009505586712,214.3202925108339,184.70899279882494
77200,0.041085578141047116,0.04103783526485021,0.0399907294323113,135.51172446891866,60.185259613845986,6.0808726204494405,6.080482361591709,229.5549483243353,366.5450423550512,220.7171939071987,196.20553675933596,219.06637425805454,191.45865373781263,215.43442126849155,187.60689000827102,214.34053588721562,184.72935961411127
77300,0.04108670050979279,0.04103874490202885,0.03999061524334536,135.5068513205489,60.169049815751364,6.08122357993354,6.080833815061595,229.5786418808093,366.6379669426875,220.73206546165315,196.23662551800913,219.09284422090653,191.47137568649237,215.4553752167363,187.62366911056176,214.36070288551542,184.7498529018772
77400,0.04108781934622563,0.041039650344998124,0.039990500518816446,135.50198431648016,60.15288870749056,6.081573742420283,6.081184419878265,229.60230136378954,366.7306280118542,220.7468885614623,196.26769162138467,219.1192088080002,191.48405556589597,215.4763726932764,187.6404886068359,214.38077475079248,184.77046004005263
77500,0.04108893831835603,0.041040555178570505,0.03999038562591782,135.4971222525679,60.1367728206735,6.081923129763415,6.081534238495329,229.62594793921,366.8230368435218,220.76170843677124,196.29872736898878,219.14544697024394,191.49664813420435,215.4974328619466,187.65732795822404,214.40077722287938,184.79118949628804
77600,0.04109005530789244,0.04104145934285523,0.03999026772994496,135.49227032204402,60.12067854747584,6.082271843740528,6.081883320893179,229.6495897786206,366.91532853753114,220.77649073491378,196.32972666344,219.17158165804184,191.50916893956506,215.5185343907613,187.67422878704832,214.42067806043647,184.81203780661016
77700,0.041091169894448554,0.04104236017223281,0.03999014838834665,135.48743005594335,60.10461110896977,6.082619775031937,6.082231756019613,229.67319946870177,367.00748052651136,220.79123960382384,196.36071943014466,219.19761299842202,191.52160809579212,215.53966506696884,187.6911684430082,214.44046134318936,184.83296248865244
77800,0.04109228299138276,0.041043258988750435,0.039990027695866,135.4825963928057,60.08856232618284,6.08296697609568,6.082579348562706,229.69677630695745,367.09952081090535,220.805952024501,196.39175329691332,219.22352157654322,191.53397258287103,215.56082756384626,187.70813225515482,214.46018428610597,184.8540048616209
77900,0.04109339444949652,0.041044155215759874,0.039989904616331756,135.47777119093126,60.07255629109027,6.08331352582693,6.0829261961207335,229.7203492067678,367.19133209744547,220.82065207121101,196.422750341791,219.24931685296585,191.5462906893234,215.5820256903208,187.72511766742505,214.47982507370523,184.87517134989884
78000,0.04109450413220006,0.04104504804888087,0.039989781007563424,135.4729567226696,60.056563764603396,6.0836593356674316,6.083272287399215,229.74391577859012,367.28306926202225,220.83530847611155,196.45371124410443,219.27499052762855,191.5585553204945,215.60324520885902,187.74212486633328,214.49938737059944,184.8964329598511
78100,0.04109561362030024,0.04104594038337228,0.039989656660903324,135.46815050815133,60.040605367787684,6.084004424699396,6.083617956295325,229.76745009648178,367.3746352449452,220.84992928664462,196.48468979543026,219.3005520372848,191.57077191801537,215.62449876466138,187.75919598454732,214.51884940367705,184.91778963251457
78200,0.0410967205266075,0.04104683134512633,0.03998952924324991,135.46335369226517,60.024660040360146,6.0843487209842975,6.083962752343462,229.79093273136095,367.4661232730364,220.8645501167654,196.5156191577761,219.32600725184622,191.58287793259524,215.64577826551837,187.7763034746519,214.53824525384942,184.93923175553942
78300,0.04109782557880728,0.041047721624140034,0.0399894015645338,135.4585626157425,60.0087426926584,6.0846922875571,6.084306701877877,229.81441769897467,367.55745253754293,220.87915678882626,196.54656747496801,219.35135507441782,191.5949219009955,215.66710022227093,187.79344037079366,214.55753330718235,184.96078551378355
78400,0.04109892755489658,0.0410486100866186,0.03998927179144639,135.4537825510508,59.992866330093825,6.085035184073352,6.084649887966035,229.83789803408473,367.64856202443997,220.89371970858758,196.5775060020424,219.37659086477964,191.60690251779826,215.68846526144497,187.81061746486841,214.576739313246,184.98242044459894
78500,0.041100028648458374,0.041049496590388784,0.03998914126221562,135.4490136960841,59.977023215529236,6.08537727070849,6.084992359982285,229.86135792384744,367.7394976240942,220.90824263516913,196.60841227125516,219.40169543119598,191.61879110926435,215.70984445956185,187.82782139861988,214.59585772306352,185.00417160861525
78600,0.04110112882939922,0.04105037986126756,0.03998900967464478,135.44425303283123,59.96120396977422,6.085718575151146,6.085334129420189,229.8847932554954,367.8302992617795,220.92276597835803,196.63930033921122,219.42666278544522,191.63064104221192,215.73122287183665,187.84508420925943,214.61488113555546,185.02600864939149
78700,0.04110222687344553,0.0410512621822069,0.03998887586867725,135.43949936986417,59.945395260105165,6.086059152089538,6.085675196355392,229.90821738276844,367.9210471728557,220.93725891833117,196.67014863345025,219.45151573718496,191.64242237112376,215.75263825620365,187.8623826986151,214.63385860948162,185.0478926679234
78800,0.041103323588017285,0.04105214271912541,0.039988739670318754,135.43475568431154,59.929627039135696,6.0863990363837095,6.086015413474823,229.93162137456872,368.01157387581713,220.95172901181027,196.70099717340722,219.4762524861867,191.65411496647465,215.77405963552795,187.87971552138237,214.652752868138,185.0698732210927
78900,0.041104418289479396,0.041053019471963395,0.03998860340653339,135.43002317132576,59.91390136395437,6.086738133083723,6.086354961279128,229.9549828216598,368.1018771047055,220.966161324269,196.73185735814047,219.50087837176406,191.66576793478615,215.79551876874885,187.8970688187244,214.67155367609908,185.09193173465576
79000,0.041105510129933374,0.0410538942853541,0.03998846635773528,135.4252982686667,59.89819800076722,6.087076535730976,6.086693645418288,229.9783388486292,368.19204961464084,220.98059525056738,196.76267698024014,219.52537398505436,191.67734731000516,215.81700774331705,187.91445508944474,214.69025443284522,185.1140576792981
79100,0.04110660165178705,0.04105476787837736,0.0399883265693347,135.42058263322178,59.88250639376612,6.087414186115945,6.087031767465755,230.00168905579483,368.282168754712,220.99500545756888,196.79346863545427,219.5497711118622,191.68884757041891,215.838523092041,187.93191588194594,214.70888721549449,185.13628830529225
79200,0.04110769090125769,0.041055640169291974,0.03998818609534318,135.4158795203756,59.866830323162425,6.0877512094500155,6.087369297736839,230.02499283604237,368.3722110690415,221.00936862194442,196.8242290680865,219.5740620393221,191.70031863041592,215.86004050143896,187.94942098283664,214.727411615134,185.1585946280573
79300,0.041108777786887825,0.04105651154757846,0.03998804360743379,135.41118475616392,59.85119407722693,6.0880874507558325,6.08770605293738,230.04829988864117,368.46203265602253,221.0237292940507,196.85501684197135,219.5982327052989,191.71172017885587,215.88157659604764,187.96696384904135,214.74585212163595,185.18097100869596
79400,0.04110986206858447,0.04105738028404758,0.03998789950443688,135.40649693690125,59.83560191794696,6.088422994190279,6.088041960548347,230.07160269251818,368.55161371138456,221.0380845110578,196.88575301185793,219.6222709995208,191.72303774926266,215.9031245781293,187.984523012588,214.76422020758167,185.20339128879655
79500,0.04111094547138203,0.041058246259451266,0.03998775329206869,135.40182326582305,59.82004028336995,6.0887578133256905,6.088377113638951,230.09487239379607,368.64102666282736,221.05242821568876,196.9165035512244,219.64616339020367,191.73430236911403,215.92466755670694,188.00214393248467,214.78249266339367,185.22589881943625
79600,0.04111202777711104,0.041059109052517966,0.03998760668293416,135.39715672530775,59.804495068413296,6.089091911104713,6.088711482911674,230.11814091086111,368.7303489099453,221.0667465959607,196.94725319091108,219.66995581449927,191.7454904499906,215.94624535212773,188.01979421728188,214.80067793940503,185.24844808496405
79700,0.04111310839354643,0.04105997061881972,0.039987458441361465,135.39249617975815,59.78898301022354,6.089425217162105,6.089045221353774,230.14137127645805,368.8194991474539,221.08107245085415,196.97800028709082,219.69361667329764,191.7566106545335,215.96783689021234,188.03750329451935,214.81878962077,185.27103762491205
79800,0.04111418707022382,0.041060830917533125,0.039987309312180724,135.3878484893424,59.7735100000391,6.089757924896962,6.08937811517535,230.16456462914766,368.90842298223055,221.09538174120198,197.00870121944402,219.71716812404182,191.7676492837935,215.9894401698218,188.0552682147651,214.83682290758193,185.2936819883614
79900,0.041115264367637294,0.04106168719970908,0.03998715901491073,135.38321042974923,59.75806337017226,6.090089848513673,6.0897102607026765,230.18775451144163,368.99719766780976,221.1096497295894,197.0393818072132,219.74059134439204,191.77863978265492,216.01104527345157,188.07308115671898,214.85476836651682,185.31638953410305
80000,0.04111633999143542,0.04106254126604143,0.039987007365114464,135.37858390818334,59.74265067194625,6.090421028489686,6.090041857994166,230.21091265981653,369.08580078992924,221.12389415214108,197.07005852099962,219.76388841702868,191.7896000161715,216.03265635977127,188.09095350316332,214.87263097961227,185.33914884311164
80100,0.04111741326519308,0.04106339316933206,0.03998685296017114,135.37396961048037,59.727267796478806,6.090751475440655,6.090372709143629,230.23404711215437,369.17425184917096,221.13810669124433,197.10073754240145,219.78706779063702,191.8004712721436,216.05427363678226,188.10884139520672,214.8903966482162,185.36194440280954
80200,0.04111848342584845,0.0410642445996174,0.039986697580431906,135.3693649952939,59.71191777603565,6.091081151679478,6.090702830442067,230.2571934520818,369.2625372600087,221.1523416070754,197.13139061967954,219.81012771372843,191.81124141912483,216.0758804577056,188.1267614448075,214.90807015805015,185.38478011523057
80300,0.04111955389559115,0.04106509256341093,0.03998654218485092,135.364770231115,59.696593575148995,6.0914100719720885,6.091032034652715,230.28029731092977,369.3506638191857,221.16655206207696,197.16200108657324,219.83304814316173,191.82195009764794,216.09749527849908,188.144730272538,214.92566067982014,185.40765001089744
80400,0.04112062267207015,0.04106593847447571,0.039986386130472396,135.36018489844074,59.681291692043324,6.091738476060412,6.091360426445818,230.30340093984884,369.4386671705983,221.18075426098648,197.19259419062163,219.8558531884942,191.83262246124943,216.1191199108433,188.16275398270832,214.94318188088994,185.43054070885296
80500,0.04112168876273701,0.04106678314757733,0.039986227799334445,135.35561288714277,59.66600786039343,6.09206624124756,6.091688361635305,230.32646683310762,369.52657910781187,221.1949564596782,197.22319092689733,219.87851840232636,191.8432593519589,216.14072951287184,188.18082885191706,214.96064940642356,185.45350168633166
80600,0.04112275401133822,0.041067623375810984,0.03998606878746719,135.35104891703324,59.65075444880498,6.092393243575785,6.092015664461045,230.3495267281187,369.6143346216721,221.2091413024338,197.25374760894564,219.90105415940363,191.8538423646529,216.16233867994347,188.1989357347334,214.9780225418358,185.47650006180413
80700,0.04112381806188243,0.04106846310739669,0.039985908555536354,135.34649220241099,59.63553652824618,6.09271956187141,6.092342270350147,230.37256833596257,369.70190590000567,221.22332846121506,197.284302391214,219.92348326054977,191.8643517913006,216.18396925617938,188.21710048211105,214.99529695216833,185.4994805801173
80800,0.04112488106639688,0.04106930031819065,0.039985745933971854,135.34194606151698,59.62035707355211,6.093045195524351,6.092667953194927,230.39558280395386,369.7892606740764,221.2375028273287,197.3148504667864,219.94580373222408,191.87482699891555,216.2055924187827,188.23529326229675,215.01249317696153,185.52247959537408
80900,0.041125941968186495,0.04107013567688428,0.03998558067522342,135.33741230986993,59.605203995182016,6.0933700008987035,6.092993022808196,230.41856164724206,369.8764786626178,221.25167670191004,197.345371990429,219.967970760082,191.88523284150287,216.22721427680338,188.2535266026401,215.02959166777305,185.5455249022381
81000,0.04112700025272002,0.04107096775267742,0.039985416147015604,135.33288978766768,59.59007304743765,6.093694167068249,6.093317287236554,230.44150199172108,369.96357544102693,221.2658375751693,197.3758834719589,219.9900032920539,191.89559636569223,216.24883977414333,188.2717777028133,215.04661429365987,185.568585602322
81100,0.04112805690837857,0.041071796884796626,0.039985250790718636,135.32837862978172,59.574953065911615,6.094017543249155,6.093640923654275,230.46442117016332,370.0506097759466,221.28001430525978,197.4064063169286,220.01191914480188,191.9058921144251,216.2704566718424,188.29009685931337,215.06354268300285,185.59166103111264
81200,0.041129112500775604,0.041072626116337475,0.039985083066497916,135.32387597851505,59.559862176057486,6.094340186532292,6.093963931581003,230.48730228727118,370.13749275641146,221.29417051348042,197.436925950206,220.03370532027967,191.9161316049542,216.2920670534587,188.30846200223075,215.08040423586021,185.61475994996383
81300,0.04113016606196983,0.04107345266212088,0.0399849155283203,135.31938400897934,59.544810016013905,6.094662146832531,6.094286171126909,230.51019116774543,370.22416469296115,221.30832166522117,197.4674314892444,220.05535133236427,191.9263285667025,216.31364898204916,188.32685037764108,215.09715331197546,185.63787254940237
81400,0.04113121826915526,0.04107427570035364,0.03998474760487252,135.31490397882501,59.529780482755285,6.0949833946769365,6.09460792837337,230.533052747195,370.31072782856165,221.3224624245654,197.49793063227665,220.07687431419998,191.9365108847089,216.335223762845,188.34527727591734,215.11383213882183,185.66099485062242
81500,0.041132268983348555,0.041075097407811866,0.039984576939799225,135.31043171916082,59.51476520746606,6.095304077001669,6.094928930307796,230.55591464113573,370.39721874091896,221.3365868595969,197.52837492366206,220.09827102551355,191.94664081907345,216.3567733658153,188.36373533130936,215.13044326493787,185.68412215641501
81600,0.04113331757932773,0.04107591728189369,0.03998440477791566,135.30597109650003,59.499791247752675,6.09562398882424,6.095249145836581,230.57873464406774,370.4834864380941,221.35072836716205,197.55878305351845,220.11955473371472,191.95670042351318,216.37831222925098,188.3822399607412,215.1469872212052,185.70725934119017
81700,0.04113436516008855,0.04107673435384716,0.039984230997177704,135.3015223568163,59.48483885725855,6.09594321005916,6.095568671149313,230.6015231940161,370.56963069245677,221.3648628132197,197.58921349151464,220.140712415163,191.9667154222167,216.39985171245246,188.40080299837769,215.16343978521016,185.730407981387
81800,0.04113541197316214,0.04107754968969642,0.03998405710181978,135.29708490438577,59.46991230963395,6.096261670656165,6.095887765537174,230.62429788280977,370.65564749387954,221.37898890780372,197.61967336174527,220.16170081553747,191.97667756578477,216.4213645038265,188.41939596203872,215.17978875605078,185.75355630555416
81900,0.04113645577405833,0.04107836402343473,0.03998388183360568,135.29265654738956,59.455023667579894,6.0965794264070485,6.096206000801431,230.6470513378007,370.7414541593634,221.39312072572812,197.65008116611577,220.18256346266313,191.98659207194996,216.4428566938559,188.43800278906298,215.19608471080429,185.77667743093951
82000,0.04113749837165767,0.04107917522987216,0.0399837052497499,135.2882419061462,59.44015929082665,6.096896510501991,6.096523522194073,230.66978255129007,370.82713799298494,221.40727566113904,197.68047434372068,220.20330247573906,191.99641729193237,216.46433638616494,188.45663248271083,215.21228178231038,185.79981676101642
82100,0.04113853997669762,0.04107998417721994,0.03998352878274885,135.28383637022944,59.42533402773237,6.097212935006398,6.0968402466718254,230.69248412333653,370.91260799552145,221.42142272857038,197.71086012143894,220.22392864708752,192.00620352254242,216.48581202425106,188.47529237597053,215.22840815608902,185.82293773418328
82200,0.041139579892896065,0.04108079054334459,0.03998335042892757,135.2794415701398,59.41052530225332,6.097528690151104,6.097156316805694,230.71516597375862,370.9979846257333,221.4355552497338,197.74123384749836,220.24442475192694,192.0159699691957,216.50725333015444,188.49401690991837,215.24443935448605,185.84601163635236
82300,0.04114061709158294,0.04108159416657804,0.03998317231135992,135.2750578701701,59.39574286779,6.097843637424693,6.097471653743873,230.73782515719444,371.0832214232382,221.44969001869927,197.77161268553232,220.26478255915774,192.02566887652924,216.52867313988457,188.51273714025913,215.2603634252328,185.86909410283764
82400,0.04114165386632415,0.04108239621764114,0.03998299228062977,135.27068472438668,59.38098737102632,6.098157955587935,6.0977863773735494,230.7604548261893,371.1683212976371,221.46384755333625,197.8019721864809,220.28499094499492,192.03531249479846,216.55006884471206,188.53150921449242,215.27623733884704,185.89216139826792
82500,0.0411426881552502,0.04108319731976681,0.03998281136173189,135.2663238765027,59.366264636183956,6.098471642232704,6.09810027564329,230.78306606295766,371.253235913239,221.47800265441052,197.8322998932776,220.30508693163108,192.04490994720936,216.57143546516855,188.55031744882228,215.29203087586464,185.91520693955474
82600,0.04114372042305274,0.04108399483660204,0.039982628979940815,135.26197369779115,59.35158179571871,6.098784721268587,6.098413538929553,230.80566204340968,371.3379376934013,221.4921563191899,197.86263865671728,220.3250669596871,192.05448139766892,216.59279238882837,188.5691476838896,215.30773629060366,185.93825269687582
82700,0.041144751510842424,0.041084790401114166,0.03998244584998143,135.2576342631484,59.336927399570584,6.099097051736385,6.098726166745829,230.82821432108304,371.42249176650347,221.50634129527566,197.8929712535062,220.34489549926258,192.06400088872226,216.6141125784846,188.58802463002516,215.32335677551612,185.96128839926868
82800,0.041145780985416554,0.041085583286212805,0.03998226276147089,135.2533056162536,59.32230433455985,6.099408705117876,6.099038038913918,230.85073209195866,371.5068791194969,221.52053518788603,197.92322903527136,220.36460374518862,192.07345697013946,216.63541893095163,188.606935730636,215.33890204412322,185.98431123604797
82900,0.04114680903176833,0.041086373935970075,0.03998207951133139,135.24898864230641,59.3077101083006,6.099719522220248,6.099348992059664,230.87323610185157,371.59110014696034,221.5347296498627,197.95348833835968,220.38416159404136,192.08290074854776,216.65669292841085,188.62584640960802,215.35439079294198,186.00728939836145
83000,0.04114783573611128,0.04108716388862467,0.0399818943983953,135.24468375690887,59.29313635134552,6.100029782420431,6.0996593859837365,230.89571267434778,371.6752141815753,221.5489194384643,197.98376357345242,220.4036066342296,192.0923106775928,216.67792105882782,188.6447801028337,215.36977738975335,186.03027283364418
83100,0.041148861528229615,0.041087949457235345,0.03998170722484444,135.24038746207142,59.278578773657586,6.100339346593648,6.099969158329807,230.91816893850853,371.7592400729231,221.56311724181356,198.0140078599247,220.4229355821385,192.10166588456838,216.69912752273493,188.66373406208558,215.38508305564687,186.05323790032162
83200,0.041149885664488024,0.04108873399581824,0.03998152018845515,135.23610308146996,59.26403620459835,6.100648205813005,6.100278252081174,230.94059072193298,371.84318600143524,221.57733846275357,198.04426413240654,220.4421021052679,192.11097161241295,216.72031379675488,188.6827148708031,215.4002994437451,186.07618063085468
83300,0.041150908016438816,0.041089516508310414,0.03998133198847212,135.23183402804068,59.24953537102718,6.100956410928588,6.100586787617647,230.96296623959998,371.92692715510174,221.591534198255,198.0745144036985,220.46113212473762,192.12026652444175,216.74147843547232,188.70168002706575,215.41544481527447,186.09907857920064
83400,0.041151926806950595,0.04109029629641551,0.03998114390077427,135.22757491357686,59.23508117723586,6.101264007157479,6.100894478068787,230.98532539789602,372.0104083699213,221.6057440688841,198.10472562728327,220.48003337800367,192.12953425019296,216.7625994687989,188.72068556309682,215.43051833556027,186.12194902868865
83500,0.04115294507172687,0.041091073718917716,0.03998095452940285,135.22332572837115,59.22064954387105,6.10157088703983,6.101201661180172,231.00768609870167,372.09378645418064,221.6199915584046,198.1349356535846,220.498822247895,192.1387425397873,216.78369463152924,188.73971386483692,215.44549524264147,186.14474620079804
83600,0.04115396217457329,0.04109184837741108,0.039980764470785995,135.2190862810064,59.20623405172479,6.101877174382233,6.1015080858862065,231.03001710897004,372.1770684163219,221.6342570831951,198.16511625787294,220.5174874122899,192.14794121528212,216.80473572352588,188.75874783328064,215.46041377099203,186.16750226160588
83700,0.04115497728657515,0.04109262021300351,0.03998057323515194,135.21486230814043,59.19184184379748,6.102182789295479,6.101813716793501,231.05229740568512,372.2602236806434,221.64851960600996,198.1952911555275,220.53600667849497,192.15707660754111,216.82571870242106,188.77780448059423,215.4752512744292,186.19019897305338
83800,0.041155990211350885,0.0410933902118696,0.03998038095963956,135.21064678938018,59.177488047949176,6.102487663060234,6.102118691130436,231.0745583713579,372.34316927504153,221.66279512478658,198.22545494131813,220.55441829416586,192.1661753311289,216.84666367321256,188.79691823356188,215.49000193775674,186.21287066581934
83900,0.04115700228197466,0.04109415848368649,0.039980188861114305,135.20644348253518,59.16318155141207,6.102791846528902,6.102423042148783,231.09679442489687,372.4258729564195,221.6770862038111,198.25560777596564,220.57270934865016,192.17523050113704,216.86756435772088,188.81602778227162,215.5046818245824,186.23550655556753
84000,0.04115801447403169,0.0410949244505166,0.03997999383407897,135.20225205380365,59.148891135663845,6.103095291604842,6.102726660234793,231.1189984069968,372.50849150153823,221.69136217726032,198.28575496366062,220.5908584950325,192.18425233622295,216.8884338780786,188.83515234472148,215.5192916049426,186.2580856603637
84100,0.04115902434961544,0.041095688574889204,0.03997979969187791,135.19806999278623,59.13460827451969,6.1033981167074,6.103029828875099,231.14118974768678,372.59107794771637,221.70565602380762,198.3159012626911,220.6088517502881,192.19328299949962,216.90926060386545,188.85429436271713,215.53383044031204,186.28062161008154
84200,0.041160031144972964,0.04109644920847909,0.039979604287458705,135.1938990000104,59.120339097933396,6.103700297537906,6.1033323518880485,231.1633720364575,372.6735946611586,221.71997209001574,198.3460480361417,220.62674427353113,192.20228556868415,216.93002852078814,188.87342813116402,215.54830000334655,186.30313252001423
84300,0.04116103828109448,0.04109720776374608,0.039979408632242835,135.18974215963286,59.106105284761774,6.1040019302876205,6.103634259473619,231.1855092287909,372.75592723678335,221.73430700211614,198.37615506231802,220.64448283053378,192.2112597804392,216.9507615646975,188.89256246345315,215.56266917174136,186.32558002037308
84400,0.04116204337340243,0.04109796505217124,0.03997921259631249,135.18559761379464,59.091914466284635,6.104302846018839,6.103935269124857,231.2076240749306,372.83802411753044,221.7486261433847,198.406226213504,220.6621048134464,192.22016315518667,216.97147250725897,188.91170034239178,215.57696950428902,186.34797671116806
84500,0.041163046783649807,0.04109871798020604,0.03997901664447068,135.18146430916246,59.07776545042565,6.104603100568079,6.104235657767634,231.22969366411255,372.9198993707403,221.76296962854698,198.4362937096296,220.67960868155996,192.22904123209508,216.9921273303592,188.93084358047398,215.59117652260053,186.37032211543286
84600,0.041164048742743924,0.04109947052848517,0.039978819521834,135.1773411710527,59.06365247966058,6.104902690382623,6.104535297449159,231.25171254753144,373.0015730982765,221.77734588598977,198.46636686313502,220.6969847887108,192.23790330146173,217.01271565035046,188.9499866619239,215.6053248280443,186.3926042431814
84700,0.041165048703665906,0.04110022177681422,0.039978621286492884,135.17322978670987,59.04956334890507,6.105201567720414,6.104834181938525,231.2737117063627,373.0831078178626,221.7917319377022,198.49641398688996,220.71423289947643,192.246745654843,217.03325392282719,188.9691553506748,215.61938294285125,186.4148541481621
84800,0.04116604712055961,0.04110097139000791,0.03997842471820246,135.16913109833544,59.035496741281115,6.1054997679067675,6.105132596193907,231.29569433765658,373.1645381137564,221.80612775015217,198.52644751711185,220.73134992799618,192.25556928240252,217.05373826099063,188.98831637645623,215.63337579233675,186.43704964256503
84900,0.04116704511560675,0.04110171826808578,0.039978226560970734,135.165042193977,59.021448384372206,6.1057973238022605,6.105430285523587,231.31765798409612,373.24587106312373,221.8205414500784,198.5564384103852,220.74834346322274,192.2643695678604,217.07416376416427,189.007500099882,215.64732076766296,186.45916403007362
85000,0.04116804048589306,0.04110246331727002,0.039978027868171215,135.1609674788207,59.00741559457481,6.10609426147256,6.105727342907924,231.33958442153656,373.3271287510569,221.83495706750236,198.58641928594176,220.76523771119335,192.27312164504664,217.0945548289986,189.02668300841287,215.66117750749964,186.48122071450928
85100,0.04116903533736198,0.04110320653242383,0.03997782795874687,135.1569039031216,58.993412298770764,6.106390535082545,6.106023850976403,231.36147993753934,373.4082351402388,221.8493865738495,198.6164064835173,220.78200861100922,192.28183693837704,217.11489482263354,189.04585911402734,215.67497253329861,186.5031983632979
85200,0.04117002762964327,0.041103946303321454,0.039977626523855184,135.15284722661897,58.97942016724477,6.106686053354657,6.106319865152869,231.38336384944947,373.48928883063104,221.8638452765722,198.6463898027022,220.79863862278586,192.29057811836861,217.13516179138733,189.06503407417557,215.6886965827355,186.52510666456752
85300,0.04117101834340017,0.041104683662976184,0.039977425030382895,135.14880222315693,58.965448124143954,6.106980955127986,6.106615266854402,231.4052170201785,373.57023931469274,221.8783424576486,198.67635969362976,220.81513676543403,192.2992919689976,217.15536603134922,189.08416710326108,215.70233207436695,186.54697208839298
85400,0.04117200716801168,0.04110541926337443,0.03997722316390072,135.14477277855195,58.951504326872985,6.107275259453173,6.106910011452411,231.4270270293605,373.65103841522085,221.8928273329419,198.7063222300705,220.8315244275991,192.30799683375392,217.17553335492155,189.10329677543106,215.71590048458637,186.5687943209403
85500,0.04117299572201723,0.04110615237440389,0.03997702071695718,135.14075367416405,58.93759491608022,6.107568892968977,6.107204059872708,231.4487933109275,373.73165779510924,221.90732700291167,198.73622892916472,220.84779986690933,192.31665984589534,217.19564543988076,189.12242491798992,215.72939703181586,186.59055560436028
85600,0.04117398244200757,0.041106883981694375,0.03997681900560304,135.13674743391567,58.92372098918701,6.107861821719571,6.10749762538172,231.47052101737512,373.8120921668675,221.9218434910423,198.76615802696486,220.8639324553126,192.32532718013564,217.2156941255122,189.14154508266208,215.74282731866498,186.61225351351732
85700,0.041174969346907155,0.04110761469516821,0.03997661651968345,135.13275154614612,58.90986927603049,6.1081541116437705,6.1077905079355475,231.49223642838433,373.8924078344548,221.93637037889158,198.79609395586738,220.87995263686383,192.33396927205982,217.23567434775094,189.160635531906,215.75618495896722,186.63388413716513
85800,0.04117595430599208,0.04110834137569106,0.03997641286900264,135.12876628709571,58.89606259651671,6.108445728219073,6.108082479502346,231.51392916590035,373.9724720453598,221.95090957294718,198.8259909712512,220.8958742799013,192.34259526340324,217.2555696093958,189.17974063910623,215.7694820940855,186.65544330374036
85900,0.041176937529776414,0.04110906742741242,0.03997620895672783,135.1247942536537,58.8822900189984,6.108736683724468,6.108373677728742,231.5355589425242,374.05233946232653,221.96545935345878,198.85587085574073,220.9116627211854,192.3512408112045,217.27540603825358,189.1988337196194,215.78271398924474,186.676937607461
86000,0.04117791834438722,0.04110979150798152,0.039976004526258394,135.1208343396757,58.86854021886289,6.109026962158408,6.108664410459274,231.55718650774682,374.1320940471083,221.98004058333407,198.88575468964038,220.9273269793939,192.35986517934953,217.2951790814455,189.21790368353186,215.79585021517252,186.6983771538297
86100,0.0411788977504282,0.04111051378205146,0.03997580008828862,135.11688562938886,58.854812015082516,6.109316698148479,6.108954442299946,231.57879239346744,374.2117387503787,221.99463163127032,198.91561206286397,220.94287568673772,192.36844845967386,217.3148650583446,189.2369413159455,215.80893355598081,186.71973618840562
86200,0.04117987637929053,0.041111232919316655,0.039975596431252,135.11294963880954,58.841108519574746,6.109605809739593,6.109243942553389,231.60034557596873,374.2912579797834,222.0092471377983,198.9454574856679,220.95833190657615,192.3770029565663,217.33447219226804,189.25596583489215,215.8219490337901,186.74103510843867
86300,0.041180853725848725,0.041111948575244375,0.03997539180042197,135.1090239368167,58.8274229071208,6.109894284700584,6.109532920901526,231.62184227171997,374.37069504332834,222.02388060729368,198.97528587289705,220.97367774150578,192.3855522860751,217.3540262759873,189.27494624809052,215.83488182108314,186.7622181173036
86400,0.041181828749595924,0.04111266312354551,0.03997518666904442,135.10510685328484,58.81375944495852,6.110182076583173,6.109821122092633,231.6433167268758,374.4500037492951,222.03852566166896,199.00513439171996,220.98890535121834,192.3940999908651,217.37351662816604,189.29393415119307,215.84778149817612,186.7833336292916
86500,0.04118280120853076,0.041113377159342164,0.03997498139198909,135.10120077308915,58.80012647645231,6.110469302730199,6.110108517834235,231.6647682319704,374.5291413421834,222.05318030146844,199.0349185318318,221.00404500204766,192.40262103506495,217.392957527881,189.31291991240153,215.86061839336352,186.80437908260086
86600,0.04118377323955633,0.041114088639095145,0.03997477588850351,135.0973076106023,58.78653178598434,6.110755898165005,6.110395286962512,231.68620675787054,374.60807423535334,222.0678414069356,199.06468538185248,221.01907490997135,192.41115650266428,217.41232227202605,189.33187272193,215.87340234854747,186.82537204863235
86700,0.04118474370517312,0.04111479883159714,0.03997457096282505,135.0934265702083,58.772967224604805,6.111041862463492,6.110681416569458,231.70760584333593,374.68685681657183,222.08251607471004,199.09442846629446,221.0339812370821,192.419666472719,217.43159615139993,189.35078360012048,215.88608114087143,186.84627385656117
86800,0.04118571223252821,0.04111550718848121,0.03997436402934126,135.08955638002638,58.75942892904169,6.111327155024848,6.110966734041903,231.72895166692635,374.76547847334535,222.097204963312,199.1241800679947,221.04879059694846,192.42818869626268,217.45079426189665,189.3696797660254,215.89871584343578,186.86708087542806
86900,0.04118667910052281,0.04111621335841167,0.03997415739385152,135.08569738131283,58.74591513549088,6.111611851012136,6.111251443023241,231.7502998794844,374.8439812397728,222.11189259353648,199.15388625280966,221.06347907570623,192.43669562490925,217.4699120891613,189.38853973379992,215.91128573456714,186.88779730369728
87000,0.04118764559110816,0.04111691661683033,0.039973950077638834,135.08185271829007,58.732414639053864,6.111895849466476,6.111535745589925,231.77158397387305,374.9224238672433,222.12659530640934,199.18357740619868,221.07808412236525,192.44519507772472,217.48896303347686,189.40734500828543,215.92380630157817,186.90847474270979
87100,0.041188610458499426,0.04111761812685318,0.03997374357634196,135.07801718539855,58.71895295604311,6.1121792393012475,6.111819406027879,231.79283933415402,375.00066266614954,222.14131951598384,199.21323020013395,221.0925768049268,192.45371217298387,217.50794451966232,189.42612796525185,215.9362430909044,186.92906753730867
87200,0.04118957346608652,0.04111831782260742,0.039973536116153556,135.07419272916468,58.7055100664416,6.112462038052159,6.112102600349757,231.8140477734795,375.0788161212966,222.1560696098887,199.242875050283,221.10695107001254,192.46220746532063,217.5268385877715,189.44490070733062,215.94865110682764,186.94959799200194
87300,0.041190536066957446,0.04111901574693123,0.039973327906264684,135.07038258212327,58.692087988688584,6.112744270808007,6.112385139028913,231.83521778835737,375.15685886187885,222.17083403871652,199.27251920170715,221.1212418890416,192.47069082337393,217.54565141738928,189.46364600033192,215.9609558826543,186.97003017766264
87400,0.04119149640018759,0.041119712499179534,0.03997312022993853,135.06658282661877,58.678702438602336,6.113025801490389,6.112667154112863,231.85636543115794,375.23471163472107,222.1855861230538,199.30213926434612,221.13545130477152,192.47917667524075,217.5643698499111,189.48237105295996,215.97321544099768,186.99037286208994
87500,0.041192455836520314,0.04112040924218495,0.03997291334060766,135.0627963368053,58.66535026831363,6.1133067109218455,6.112948499434514,231.87745111111414,375.3123833105848,222.20035555031052,199.33172559410124,221.14953993470664,192.48766958274692,217.58301670785627,189.50107375044513,215.98544356727905,187.01064658913936
87600,0.04119341447673162,0.041121102634721254,0.03997270553137243,135.05901759907633,58.652022648067955,6.11358698883895,6.113229224544453,231.89851188779414,375.38992222893546,222.2151445686229,199.36132031802057,221.16355076214865,192.49616054743797,217.60156943920066,189.51974138725055,215.99760057795277,187.03082329100093
87700,0.0411943713988591,0.04112179363382951,0.03997249784326486,135.05525185545983,58.638726101370715,6.113866707230943,6.11350925313963,231.9195568111357,375.4672930655588,222.2299489695201,199.39089496173045,221.17747977815296,192.50463856159527,217.62002592753052,189.5383457790654,216.00967086481904,187.05094369767488
87800,0.04119532734330524,0.041122482454246954,0.03997228944213428,135.05149778220866,58.62545592034197,6.114145744079321,6.113788628180016,231.94054697922417,375.54452534700926,222.24473320613785,199.42042549102075,221.1913041408272,192.51311136857356,217.6383924074936,189.55694431234053,216.02170166734194,187.0709598520929
87900,0.04119628110735725,0.04112316817712272,0.039972079601136405,135.0477553906997,58.61221608060935,6.114424167809036,6.114067392736801,231.96150984053028,375.6215930836598,222.25952983064275,199.4499357839712,221.2050115190036,192.52160895829442,217.65667563712532,189.57550723267818,216.03365686976005,187.09086922591158
88000,0.04119723324257386,0.041123852944330734,0.03997187069069452,135.0440249153927,58.5989996937442,6.114702046195184,6.114345578388336,231.9824319313908,375.6985435061161,222.2743520964569,199.47938634986102,221.21862408826266,192.53011650643512,217.6748829201716,189.59402518562922,216.04556450447586,187.11065930022755
88100,0.04119818532163959,0.04112453578998682,0.039971662333094515,135.04030538199746,58.58580729388452,6.1149791909979925,6.114623129487943,232.0033287368941,375.7753669899681,222.28917557046495,199.50883050926657,221.23216244338462,192.53862670920213,217.69299870952986,189.61249640442762,216.05744045382548,187.13036123420468
88200,0.041199135326314126,0.04112521733362897,0.03997145403360089,135.03659733541335,58.572631749608824,6.1152557939940655,6.114900193535292,232.02416739659301,375.8521148139931,222.30399387620335,199.53827660684198,221.24562238329057,192.54712543029692,217.71104238523807,189.6308974556347,216.06927183338547,187.1500132487402
88300,0.04120008211642712,0.04112589823257083,0.03997124482997492,135.03289980376235,58.559484154455085,6.115531768453338,6.115176845080348,232.04498296322276,375.9287290952447,222.3187988144223,199.56770041446762,221.25899698809857,192.55562617978626,217.7289963593601,189.64926250474866,216.08102163928493,187.16955627286137
88400,0.041201028775485114,0.04112657672500275,0.03997103636947364,135.02921316945003,58.54636212363651,6.115807123768166,6.115452777573317,232.06576027494424,376.0051974724613,222.33362792130293,199.59712506363022,221.27226653386754,192.56412329302256,217.7468729431237,189.6675852392989,216.09270203219324,187.18900641021784
88500,0.04120197449266664,0.04112725167153997,0.03997082686388928,135.0255378667688,58.533257440633825,6.11608190849362,6.115727981263037,232.08649978763384,376.0815683896079,222.34847889363357,199.62647724176,221.28545567834314,192.5726283119326,217.7646527769571,189.68586920094657,216.10434106679756,187.20839191034494
88600,0.04120291889164566,0.04112792488446608,0.03997061772884373,135.0218724541314,58.52019142185197,6.116356051668834,6.116002448477214,232.10720516831768,376.15773008837755,222.3633629403731,199.6558163743225,221.298575848204,192.5811277021484,217.78233668949272,189.70407957987763,216.11590400183897,187.22767998677818
88700,0.04120386158769862,0.04112859858063503,0.03997040904752987,135.01821927237,58.507149125694525,6.116629641586713,6.116276390850206,232.12786707921805,376.23377347661204,222.37823554793522,199.68513788619663,221.31161410700219,192.5896418577671,217.79993028991967,189.72225337899928,216.12743536615827,187.2468691788835
88800,0.041204801761660026,0.04112927089231946,0.039970201318468346,135.0145807466257,58.494142098819395,6.116902589007449,6.116549691451562,232.14849237552787,376.30962331753216,222.39310729088962,199.71444328769795,221.32457680246915,192.5981802189852,217.817427011381,189.74042360025274,216.13892343658128,187.2659947299148
88900,0.04120574135121102,0.04112993978055593,0.039969992616373705,135.01095109070255,58.481151576888934,6.117174909079496,6.116822373162235,232.16907643159632,376.38538634294207,222.40798793383806,199.74373010982552,221.33746741407506,192.60675689425057,217.83482720662553,189.7585242017879,216.15035740883752,187.28501042694703
89000,0.04120667901271126,0.041130606002136694,0.03996978197066014,135.0073328797098,58.46819336293683,6.11744669808616,6.117094334822013,232.18960573429314,376.4609746621054,222.4228716205284,199.77297414452613,221.35029748309486,192.6152988938206,217.85210855512963,189.7765687059606,216.16173460367895,187.30389530499272
89100,0.04120761488602479,0.041131271975404164,0.03996957266535671,135.0037240357819,58.455254172885,6.117717825691114,6.117365851548325,232.21014898326246,376.53647399589056,222.43776515144856,199.80220881266845,221.3630384513132,192.62382686868767,217.8692862812856,189.79456468991526,216.17303745916112,187.3226588776169
89200,0.04120854943322358,0.04113193674856496,0.03996936389066383,135.00013077790527,58.44234236434655,6.117988464703367,6.117636886783435,232.23064387037311,376.6118358619268,222.452635845695,199.83141338369308,221.37568779391785,192.63237647901133,217.88638243585882,189.81251292724133,216.18431632351894,187.3413506139438
89300,0.041209483139185266,0.04113259992102597,0.03996915590119368,134.99654548655164,58.4294450463825,6.118258574507407,6.117907219405331,232.25109429870818,376.68711400243296,222.46752294730308,199.86061389569647,221.38829242176192,192.64094601256684,217.9033917668066,189.8304051028209,216.19553997519378,187.35992739552134
89400,0.0412104151547391,0.041133261815361775,0.03996894662389274,134.99297091144453,58.41657759962805,6.1185280945490765,6.118176953014181,232.27151456140197,376.7622349535891,222.4824281999984,199.88978509914614,221.40081339554433,192.64952591775995,217.92028711860306,189.84825256946075,216.2066990074437,187.37843289239567
89500,0.0412113472941984,0.041133920940292966,0.039968737551820024,134.98940513394658,58.403741283623354,6.1187970465012125,6.118446104840439,232.29189557083328,376.83719325428433,222.49734517692409,199.91891700193707,221.41326419692757,192.6581406588474,217.93706639239497,189.866073001076,216.21783160246426,187.39681057952762
89600,0.041212276832436,0.04113457844927341,0.039968528987138166,134.98585359925275,58.39093242050208,6.119065416306681,6.1187147781085836,232.3122307289103,376.9120105188579,222.5122485386727,199.9480156548021,221.4256488010514,192.6667716969407,217.9537542018939,189.88384589161552,216.22890486815575,187.4150875415113
89700,0.041213206639122146,0.04113523462042292,0.03996832024824738,134.9823125078493,58.37814515414687,6.119333198046695,6.118982698913035,232.33254070819257,376.986705430885,222.52713102461658,199.97707547579216,221.43796400628753,192.6753656488282,217.9703390881863,189.90154148618598,216.2399410521019,187.4332834178773
89800,0.041214134230485956,0.041135890462072784,0.039968111775289444,134.97878283471152,58.36537706758363,6.119600381004451,6.119250077505032,232.35280668524766,377.0613049026889,222.54202072045848,200.00610675141877,221.4502139999292,192.68396676998114,217.9868299637406,189.9191627126704,216.25094447682974,187.45138501907954
89900,0.041215059299507986,0.041136544894559306,0.039967902811054244,134.97526574700976,58.35263933633024,6.119866937175527,6.119516864977328,232.37301603972006,377.1357415046467,222.5569205635183,200.03514322688017,221.4624317684594,192.69258513069425,218.003205514389,189.9367430113361,216.26190818097928,187.46938340341532
90000,0.04121598478926632,0.0411371971705139,0.03996769308777524,134.97176051703232,58.339927241591575,6.120132881161559,6.1197829872176746,232.39318357889283,377.2100372773686,222.5718210144882,200.06416062739498,221.4745475055815,192.70120819832349,218.0194669784594,189.95427211384057,216.2728111857717,187.48725791744536
90100,0.0412169080889388,0.0411378466146493,0.03996748449625994,134.96826594805682,58.327231886831704,6.120398175954644,6.120048632903065,232.41331480061322,377.2842536133467,222.5867126816419,200.09312140209886,221.48656781923953,192.70986593608882,218.03564076684683,189.97175799712423,216.28367816741823,187.50505440510764
90200,0.04121783137035337,0.041138494521792794,0.03996727688317715,134.96477823639086,58.314562009612246,6.120662907093023,6.120313895886262,232.43341497925246,377.3583480518035,222.6016210584652,200.1220364626857,221.49854868149478,192.71853298105677,218.0517075391921,189.9891924456124,216.2945128865321,187.52274358054598
90300,0.04121875232206417,0.041139141460636616,0.039967069964356554,134.9613000151967,58.3019024681873,6.120927021649158,6.120578581815411,232.45347130782753,377.43238313665887,222.6165160838105,200.15092859173143,221.51049846502178,192.72723105514325,218.06767147773456,190.006581413729,216.30528888510304,187.54033390320083
90400,0.04121966958867955,0.04113978716151539,0.03996686269734523,134.95783367547583,58.28926128445349,6.121190533799532,6.120842451785998,232.473502490263,377.50631103187817,222.63139352153212,200.1798050898506,221.52238906074172,192.735924113733,218.08353227329764,190.02391408400229,216.3160178882734,187.55779702857433
90500,0.04122058665175695,0.04114043179451346,0.039966656947140015,134.9543815288981,58.276651540431914,6.12145352825786,6.121105691459252,232.49346676908186,377.5800766534007,222.64631584755216,200.20862919343705,221.53420411331587,192.74463986902705,218.0992694611147,190.0411838709117,216.32669925646374,187.57512714809982
90600,0.04122150227759714,0.041141077151332583,0.039966451820244935,134.95093945292192,58.26407018552582,6.121715983114957,6.121368698680674,232.51340885006556,377.653714330513,222.66122402147246,200.2374402192455,221.5459557565385,192.75337032516174,218.11490590644365,190.05839848023703,216.33734969810897,187.59238936383414
90700,0.041222418085544506,0.04114171884661357,0.0399662462928122,134.9475061818976,58.25152130004838,6.121977871667348,6.121631217032628,232.53332477983494,377.7271729508502,222.67610733032254,200.2662316727291,221.55765610563603,192.76214288799713,218.13044167119747,190.07561016389025,216.347958536021,187.60959989254133
90800,0.04122333213265634,0.041142358924994384,0.03996603972602807,134.94408300580156,58.23899973037192,6.122239263946992,6.121892913945547,232.5532099092317,377.8004764855093,222.69100209131432,200.29498330483304,221.56930615474684,192.77090837941734,218.14585485486745,190.09273662867216,216.35851451428647,187.62665416286845
90900,0.04122424431246544,0.041142998158079876,0.03996583292190029,134.9406684335576,58.22650250747028,6.122500141203426,6.122153949444964,232.57306169217605,377.87364808077893,222.70592014787346,200.32369087277942,221.58088879818843,192.77967314901622,218.1611775935667,190.10980445606995,216.36905070078782,187.64358598789966
91000,0.04122515605439051,0.04114363408673717,0.03996562691953263,134.93726566054974,58.214024012319285,6.122760423809125,6.122414344516525,232.59286126331705,377.94672458286914,222.72083355831214,200.35236749562458,221.592427356003,192.78846862162138,218.17637549769861,190.1267983790288,216.37953462795008,187.66042579446543
91100,0.04122606655931911,0.04114426886877176,0.03996542115526151,134.9338732325517,58.20156088875668,6.123020115100431,6.122674365468085,232.61261460491605,378.01972598406803,222.73571271914247,200.38103012317688,221.60392322837848,192.79728780943188,218.1914878508308,190.1437378360291,216.38996308408565,187.677152436335
91200,0.04122697550034421,0.04114490352256831,0.03996521518132793,134.93049222674867,58.1891341019935,6.123279278749278,6.122933744773112,232.6323380009555,378.0925329172095,222.750580818267,200.4096584076609,221.61536059952027,192.80612338655834,218.20647529297014,190.1606372835563,216.40036184105657,187.6937807540897
91300,0.04122788239267525,0.04114553628092987,0.0399650099591159,134.9271201016755,58.176732716488864,6.123537842430292,6.1231924623846545,232.6520169099544,378.16520364424235,222.76547818363315,200.43824800584144,221.62674600012372,192.81495121079837,218.22137787105132,190.17747350900493,216.4107371109693,187.7103024147056
91400,0.04122878724073427,0.041146170220964895,0.03996480389065887,134.92376037052978,58.16434994364529,6.123795873697094,6.123450566084179,232.67164178264974,378.2377775108377,222.7803582991309,200.46679618622775,221.63810487842073,192.82378206843435,218.23614821110255,190.19423608779158,216.42104985279542,187.72669875120513
91500,0.041229690399508225,0.04114680095803873,0.03996459745717374,134.9204110949383,58.152005544249526,6.124053327384475,6.123708146442787,232.69123312868578,378.3101451390498,222.79521690584173,200.49532599275025,221.64941090967542,192.83267979866363,218.25079660136282,190.21095406397257,216.4313232416777,187.7429871453442
91600,0.04123059463379838,0.04114743208531371,0.03996439142129205,134.91707551672351,58.13967580424962,6.124310233197671,6.123965193819317,232.7107877365861,378.38243721134126,222.81007928738427,200.5237969498328,221.66063915958054,192.84161049493818,218.2653368450315,190.2276165168108,216.44156450384997,187.75918116500395
91700,0.04123149711161006,0.041148060218212594,0.03996418515346382,134.91375183067774,58.127364590277615,6.12456659396368,6.12422158933524,232.73029704992885,378.4546267802767,222.82492937135856,200.55222902476515,221.67183144039012,192.85056715586862,218.279762007822,190.2442234777326,216.45177048818184,187.77525474953532
91800,0.04123239778457255,0.04114868619618544,0.03996397962446845,134.91043431092817,58.11506910924333,6.12482229988611,6.124477563300394,232.74977667979854,378.52673642484535,222.83978724822552,200.58066174584812,221.68297913273167,192.85952188482938,218.29406851081077,190.26079262914635,216.46192346648598,187.79121839678166
91900,0.04123329620890501,0.041149312079962586,0.039963775458048266,134.90712777904216,58.102799295703946,6.125077441504741,6.124733150087477,232.7692014171101,378.59871983800514,222.85463783266758,200.60907350804155,221.6940697967248,192.86848147053186,218.30826472897576,190.27732803429532,216.47204148953733,187.8070677478107
92000,0.04123419363734288,0.04114993581955278,0.03996357365578404,134.90382994055196,58.090550666650614,6.125332132741126,6.124988264067838,232.78861949174095,378.67060455510756,222.86947566481004,200.63741452236994,221.70511939694794,192.87744037645533,218.3223581063487,190.29381259019655,216.4821366020715,187.82284061211212
92100,0.04123509091467954,0.041150558859811955,0.03996336979404016,134.9005445128864,58.07832351618999,6.125586248974944,6.125242859509938,232.80798317730952,378.7423801341808,222.8843349951133,200.66571865915506,221.71611722156558,192.88644916439142,218.33634070996072,190.31022944047007,216.49220115018701,187.83850936099813
92200,0.04123598781307092,0.04115118032754692,0.039963167182215244,134.89727000175952,58.066132519475346,6.125839805069338,6.125496952062591,232.82730342833761,378.81396039898476,222.8991791806142,200.69402159510224,221.72707966539258,192.8954960521988,218.35022258931193,190.32656926428487,216.50222040903432,187.85406554827628
92300,0.041236883040614215,0.04115180084431941,0.03996296315606346,134.89400341102174,58.053962739057596,6.126092829020659,6.1257505022238545,232.84659794824174,378.88542883549763,222.91402629286526,200.7222797646657,221.7380005309671,192.90454802242215,218.36398884709396,190.3428764142756,216.512211598644,187.86952682881136
92400,0.04123777541522793,0.0411524200237865,0.03996276017309856,134.89074420210585,58.04180333413976,6.126345397289169,6.1260033178268465,232.86585616897463,378.95683647487755,222.9288774333938,200.75048043918133,221.74887250183457,192.9136104162526,218.37764285882508,190.3591227410576,216.52218659779436,187.88485731881815
92500,0.04123866850001266,0.04115303676230305,0.03996255745674653,134.88749690682894,58.02968965912601,6.12659742676663,6.126255576356966,232.8850600623472,379.0280074850601,222.94372076423505,200.7786167911423,221.75970502115408,192.92272538906758,218.39116561981143,190.37532101232068,216.5321105379441,187.90005799166747
92600,0.0412395595519118,0.04115365404021772,0.03996235488514509,134.88426296372282,58.0175839347568,6.126848999840045,6.126507395793819,232.90421895136953,379.0991432893553,222.95856095829006,200.80675147778362,221.77049024759063,192.93185923209128,218.4045809292082,190.3914305311381,216.54200436263187,187.91513633773226
92700,0.04124044824524971,0.04115426931695,0.03996215230315291,134.88104023988495,58.005497025145594,6.127099986789794,6.126758639640176,232.9233397587086,379.1701768536939,222.97341326749662,200.8348265519892,221.78124074509023,192.9410093122167,218.41786101894354,190.40747053851666,216.55186715685355,187.9301236307521
92800,0.04124133661136854,0.04115488429763208,0.039961950592899434,134.87782466624648,57.993437321716875,6.127350472688746,6.127009033890284,232.94243827411293,379.2410462982838,222.98824131902737,200.86282523578578,221.791974996686,192.95015531965686,218.43104063420168,190.42348286344375,216.56169595298968,187.94501689955044
92900,0.04124222315029584,0.04115549838271862,0.03996174940431929,134.87461829674933,57.98140397393701,6.127600306882843,6.127259072420165,232.96149055807086,379.311790544611,223.003065800576,200.89079632751498,221.80266415681254,192.9593078484319,218.44411051542153,190.43945169837028,216.57148951635702,187.959778006658
93000,0.04124310885820275,0.04115610966259236,0.03996154738353094,134.87142233061164,57.96938539526312,6.127849687798815,6.127508814239747,232.98050828934686,379.3824687667628,223.01787008467616,200.91874346204398,221.8133019666314,192.9684977468072,218.45706512351416,190.4553753894509,216.58126584320783,187.97446535313279
93100,0.04124399497237279,0.041156719789745146,0.03996134664171462,134.86823691418718,57.95739650930702,6.128098508239764,6.127757792673349,232.99949851742895,379.4529740688394,223.0326582889847,200.94662823169335,221.82390003924303,192.97772360903534,218.46992131163015,190.47125069682838,216.5910106973362,187.9890457132258
93200,0.04124487885329348,0.04115732998266968,0.03996114777568549,134.86506284601643,57.94542179438055,6.128346821856526,6.128006074091418,233.01842357096692,379.5233998529533,223.04745355140003,200.97448882950525,221.83447079750846,192.9869585911616,218.4826804483365,190.4870586579084,216.6007146389013,188.00345328168842
93300,0.041245760632773146,0.04115793804851159,0.03996094885712176,134.86189713765708,57.93345284933405,6.128594660198216,6.12825400941359,233.03731248821944,379.5938075612596,223.0622728437908,201.00233137067227,221.8449922875002,192.99619659866542,218.49532948871325,190.50281291342375,216.61038580293524,188.0177571577721
93400,0.04124664180620862,0.04115854499479098,0.039960750219973036,134.85874219819354,57.92151251256516,6.128841961054822,6.12850141869835,233.05614918767688,379.66407272357645,223.07706669217765,201.03011914864823,221.8554664186375,193.005464467427,218.507855456479,190.5184983271568,216.62002921552389,188.03194563350422
93500,0.04124752081598919,0.041159150863811715,0.03996055166857629,134.85559777548755,57.90959641828204,6.129088720280063,6.128748396923877,233.07495100450544,379.7342135316814,223.09186211100518,201.05784354900737,221.86589517371303,193.01475359639892,218.5202630363467,190.5341581780167,216.62963114166195,188.04602224860193
93600,0.04124839913004771,0.04115975807577327,0.039960352738002754,134.8524624241399,57.897694109403794,6.129335041642105,6.128995018550279,233.09371200747006,379.8042905337296,223.1066430961685,201.08557025546673,221.87629359638268,193.02406443378393,218.5325504497102,190.54980635002295,216.63922267049398,188.06000515935958
93700,0.041249276905749935,0.041160363002781974,0.039960155284301,134.84933572223082,57.88582911345003,6.12958078207004,6.129241148511445,233.11244740833257,379.8741691348006,223.12142311017087,201.11325799723048,221.8866621433571,193.03341601257966,218.5447223444655,190.56540875601956,216.64881319828797,188.07389012081686
93800,0.0412501521451633,0.04116096912122182,0.03995995783154076,134.84622078809647,57.87398903548391,6.129825893194555,6.1294864645627785,233.13114419805194,379.943902038599,223.13618204032576,201.14089131043823,221.89697918147763,193.04277209455242,218.5567907585324,190.58093257240904,216.65834618568056,188.08762098036678
93900,0.04125102502886582,0.041161572578156454,0.03995975959589553,134.84311548893214,57.86216497154513,6.130070519729412,6.129731051531116,233.14978291916003,380.0135381423251,223.15093879992017,201.16844654530587,221.9072723437662,193.05214463702214,218.5687351319041,190.59641057271102,216.6678661315303,188.1012304515734
94000,0.04125189878283824,0.0411621744525022,0.03995956208533509,134.8400202825729,57.85035274719173,6.130314716993752,6.129975451524204,233.16837470223948,380.08313148787573,223.16569839315073,201.195957006087,221.9175212508619,193.06155508393402,218.5805660969245,190.61183882367277,216.67733683028055,188.11475383957242
94100,0.04125277112648537,0.04116277521066666,0.03995936507750045,134.83693734601363,57.83856534817821,6.130558294821209,6.130219640624364,233.18692409066966,380.1526083741764,223.18046155020417,201.22343860203884,221.92771224381212,193.07099789170513,218.59228001465098,190.6272264531378,216.68675619967303,188.12820020040064
94200,0.041253642265362815,0.04116337623193085,0.03995916944777971,134.83386256513919,57.82677818976634,6.130801390870601,6.1304633548117655,233.20544910692882,380.2220850350953,223.1952255581113,201.25089858542069,221.93785756876613,193.08047514188112,218.60390121836062,190.64257699761131,216.69615238988902,188.14154669510384
94300,0.04125451231715606,0.04116397483795245,0.03995897410358219,134.83079629848177,57.81501017775703,6.131044074855623,6.13070644228132,233.22393087997588,380.2914553784429,223.2099856778683,201.27832890206136,221.9479932763271,193.0899882830439,218.6154127162505,190.65786962244414,216.70552180114913,188.15476154666285
94400,0.04125538074989282,0.04116457303296206,0.03995878031182245,134.82773875159387,57.80325781690895,6.131286294106696,6.130949134942051,233.24237307487724,380.3607536634872,223.22472987437155,201.3057093625128,221.9581032244459,193.09951541514923,218.62683435664908,190.67311063751686,216.7148801084433,188.1678842776141
94500,0.041256246980794685,0.04116516975362781,0.039958585801850965,134.82469224592055,57.79154834994464,6.131528013923707,6.131191199950289,233.260802331697,380.42982119713656,223.2394744224324,201.3330090052399,221.9681514253802,193.10907270044174,218.638114411727,190.68829211261374,216.72420736426375,188.18086745399052
94600,0.041257112042907405,0.04116576690401767,0.03995839153937114,134.82165511753794,57.77985772556251,6.131769244953397,6.1314327554222325,233.27918344223613,380.49879167071447,223.25422808301423,201.36025638641948,221.97816130520695,193.11864424174217,218.64929397712862,190.70340351495972,216.7334963140108,188.19374740431488
94700,0.041257977544867465,0.0411663636707063,0.03995819790859791,134.81862520566122,57.76819523902619,6.132009974496939,6.131673719550147,233.29749831801175,380.5676058762038,223.26896778449648,201.38747373257755,221.98813320274311,193.12821909912927,218.66039125377281,190.71850173022204,216.74276586859995,188.20651941734215
94800,0.04125884197144549,0.04116695911267147,0.03995800507562297,134.8156048280623,57.75656330748606,6.132250176664413,6.131914008670109,233.31579743130257,380.63624022769574,223.2837100260104,201.41466427226715,221.99806638095458,193.1378317503441,218.67137434628012,190.73356877149155,216.75201742608485,188.21919783664555
94900,0.04125970525724178,0.04116755198031841,0.039957811931726546,134.81259327005606,57.744949370413366,6.132489986493531,6.132153978938309,233.33407706637067,380.70478640037055,223.29846613974286,201.44178988086423,222.00799385344664,193.14748551348725,218.68222777372063,190.74861629045535,216.76124932969097,188.23181819377928
95000,0.041260567561059946,0.04116814514878436,0.039957619365767666,134.80959006478213,57.73334030005645,6.132729157774254,6.132393548272051,233.35230814974867,380.77331705266437,223.31318184326716,201.46886755761287,222.0178662525418,193.1571571269212,218.69296605749992,190.76362184855114,216.77044859102978,188.24429617391124
95100,0.041261428834030806,0.04116873779384058,0.03995742759086049,134.8065976957486,57.72173204084072,6.132967838406602,6.132632608712816,233.37048513358528,380.8418523223943,223.32789947432946,201.49594206827868,222.02768332191812,193.166842634297,218.70362989534814,190.7785716449527,216.77961791963833,188.25664808329034
95200,0.041262290246866146,0.0411693285720393,0.039957235847609414,134.80361400199342,57.71014489064777,6.133206124080484,6.132871114019985,233.38864576747557,380.91027393044294,223.34262739145058,201.52294527433412,222.0374791779287,193.17655882627878,218.71420913757635,190.79345839645347,216.7887580776835,188.26887439973862
95300,0.041263151065725055,0.04116991831088609,0.03995704418004116,134.8006402381395,57.698586096552994,6.133443944559193,6.1331090609761425,233.40678931840105,380.9785373308936,223.3573419783864,201.54991317307235,222.04722670024793,193.18628277356643,218.72465945359082,190.80830471227017,216.79788433866057,188.28096982075573
95400,0.041264008049761464,0.041170508563206996,0.03995685443178516,134.79767847430054,57.68705234896491,6.133681277800548,6.133346663005093,233.42487052754376,381.0466730843326,223.37205640547253,201.5768380545082,222.05693697371032,193.19603318615145,218.73498376192762,190.82313077066289,216.80698303714917,188.2930020167136
95500,0.04126486397086626,0.04117109892174144,0.039956664641919715,134.79472699809375,57.67554134725535,6.133918074532259,6.133583889280778,233.44290618148784,381.1147007772842,223.3867627686663,201.60370133086283,222.06658894045395,193.20581484775244,218.74521172198612,190.83792415847634,216.8160417319299,188.304919084833
95600,0.041265718177648555,0.041171686997623226,0.039956475287417734,134.79178053049733,57.66405605887414,6.134154345362758,6.133820630920983,233.4609203937828,381.182594167349,223.40147797559757,201.6304944787762,222.07622101760654,193.2156170436668,218.75534853496285,190.8526532883969,216.8250673569111,188.31671512638164
95700,0.04126657341702915,0.04117227355835815,0.039956286332540496,134.78884202742637,57.6525817289161,6.134390216872321,6.134056887696321,233.47891314446304,381.25043097732856,223.4162002237255,201.6572331817829,222.08581582419885,193.2254658345606,218.76537522928277,190.86733701632417,216.83407572030598,188.32841279836396
95800,0.04126742607857956,0.04117286072529342,0.0399560967261906,134.7859128302691,57.64112082511833,6.134625628600577,6.13429266833107,233.49685653464599,381.318196705976,223.4309064176118,201.68390155232277,222.09537600935403,193.23533031947957,218.77531292862568,190.8819929773497,216.8430710693484,188.34002392860938
95900,0.041268277162648234,0.04117344760996619,0.03995590809903033,134.7829923773985,57.62967290254316,6.1348604737539345,6.134527946966445,233.51475267385683,381.3858929208498,223.44561175605207,201.7105395493381,222.10489885590707,193.2452536622801,218.7851458457915,190.8966028415405,216.85205188261992,188.35154920433112
96000,0.04126912737054364,0.04117403317729922,0.03995571968623347,134.78008471651816,57.6182531820799,6.135094925040729,6.13476268847163,233.5326041420918,381.45344216621083,223.46031428353768,201.73710896571274,222.1143783347526,193.2551728990022,218.7948706341509,190.91116511599043,216.86099481558088,188.36298966174584
96100,0.041269979051026855,0.04117461856723898,0.03995553077547556,134.77718473054006,57.606850148238976,6.135328906062835,6.13499713142968,233.55041324825663,381.5209112138709,223.4750134377499,201.76365449902053,222.1238000478434,193.26511139179897,218.80449800646593,190.9257231604358,216.86991772194227,188.37429596025655
96200,0.0412708285330953,0.041175204204823665,0.03995534410728379,134.77429591725218,57.59547547079906,6.135562340561144,6.135230991883543,233.56817965479894,381.5882286328233,223.48970953851472,201.7901216347987,222.13319149465374,193.2750665148967,218.8140299162512,190.94024387450636,216.87881480586591,188.38547945495782
96300,0.041271676151853245,0.04117578720257529,0.039955157951059535,134.77141410621115,57.58411480283433,6.135795330720996,6.13546439787884,233.58592928869223,381.655465835747,223.504394067011,201.81655505928188,222.14254428962667,193.2850663705948,218.82345593169515,190.9547269404654,216.8877088994841,188.3965593123862
96400,0.041272520255959,0.04117637202730047,0.03995497196035124,134.76854128748212,57.57276093316141,6.136027928879716,6.135697226029398,233.6036576098136,381.7226662157255,223.51907742056446,201.84292028023506,222.15184939496456,193.29507322342275,218.83280653679333,190.96916849678615,216.89658346777122,188.40754414197343
96500,0.04127336647355257,0.04117695488770852,0.03995478592531959,134.7656764135603,57.561429452412455,6.136260028922103,6.1359296017690745,233.62134397982453,381.78974693752616,223.53377145889175,201.86926005018756,222.16110542132517,193.30511250898851,218.84204687917202,190.98359930947223,216.90542866846542,188.41843778714306
96600,0.04127421234454804,0.04117753599894347,0.039954599766916316,134.76281966075058,57.550118473737186,6.1364917353328785,6.136161585831121,233.63900296295438,381.8567291395829,223.54846872995068,201.89554222603255,222.17031080279682,193.3151600097096,218.85119196207467,190.99799327363888,216.91424426722025,188.42925480136046
96700,0.041275057597247304,0.04117811762067244,0.03995441529941708,134.75997216833846,57.53883250705394,6.136722999246461,6.136392912714374,233.65662824179336,381.92356336687953,223.56315200717418,201.9217737885895,222.17949846104722,193.32525022140834,218.86025723599025,191.0123408919596,216.92304932457134,188.4399842398451
96800,0.04127590098685084,0.041178699824135266,0.03995423147231027,134.75713828978172,57.527571019277836,6.136953789387835,6.13662382647717,233.67421111075714,381.99027152211613,223.57780422494383,201.9479718187101,222.18864399785252,193.3353725816408,218.8692162394827,191.0266315886686,216.93180953186916,188.45061626877725
96900,0.04127674258398206,0.04117928229798365,0.039954047471641864,134.75431160424384,57.51632996319095,6.137184039793237,6.13685430137678,233.69176639362294,382.05687970062553,223.5924804435502,201.97409433037404,222.1977464089276,193.34551811311184,218.87811304691874,191.04087417121616,216.94055709346037,188.46114270137886
97000,0.04127758284816855,0.04117986203829173,0.03995386299252186,134.75149038685396,57.50508845919673,6.137413973567528,6.1370842040145615,233.70930292789848,382.1234786963542,223.60717451762255,202.0001665047694,222.20681394681475,193.35567638763516,218.88689665133919,191.05509504104114,216.94929162184553,188.4715677654482
97100,0.041278422406104215,0.04118044006543532,0.03995367953127169,134.74867729658123,57.49385547546067,6.137643382568921,6.137313832858923,233.72677885571542,382.19004656507485,223.62182901629936,202.02619898442038,222.2158352961048,193.36587163016586,218.8955887129322,191.06930839245913,216.95799834271054,188.48190226452058
97200,0.041279261045739674,0.041181017598217406,0.039953497422997725,134.7458741453943,57.48265146161799,6.137872325428248,6.1375429412631455,233.74422096652637,382.2564610030258,223.63650077753613,202.05217898498594,222.2247876358486,193.37610665382073,218.90416547617772,191.08347283052123,216.96668035948957,188.49213623537145
97300,0.041280099169085135,0.04118159593219678,0.03995331545691803,134.74308176777058,57.4714610412538,6.13810093237124,6.137771459200428,233.7616184805275,382.32279411004424,223.65117174157527,202.07808418118606,222.2337036641393,193.3863612056448,218.9126588413687,191.09760166973962,216.97533781107518,188.50226141373707
97400,0.04128093478007893,0.04118217407553152,0.03995313363383414,134.74029595360483,57.46028875188237,6.138329086499023,6.137999639439193,233.7789737196981,382.38904410353234,223.66585315606454,202.1039171095483,222.24259101313112,193.39664273799744,218.9211017813414,191.11171352670323,216.98396392183093,188.51229493018042
97500,0.04128176983810823,0.04118275251089591,0.03995295271615015,134.7375193655271,57.44913732371431,6.138556622605262,6.13822761613114,233.79631682491362,382.45519785593734,223.68051244370858,202.12970758379075,222.25140346564143,193.40694159254062,218.92944186107766,191.1257863938737,216.99254490639896,188.52221910816178
97600,0.0412826027293398,0.041183329702078116,0.039952771249942086,134.73475178628317,57.43799635744942,6.138783678859452,6.1384552458309,233.8136275063269,382.5212954099373,223.695153793945,202.1554664926778,222.26016652903655,193.4172562271154,218.93768351901988,191.1398487131934,217.0011162525486,188.53207194323696
97700,0.0412834363280406,0.04118390624319457,0.03995259351533673,134.73199104613138,57.42687421255271,6.139010513724663,6.138682306608768,233.8309219420414,382.5872952861917,223.70981391919602,202.18116368034512,222.26892471038443,193.42759330794632,218.94585520022665,191.1538649332274,217.0096879119838,188.54180663813355
97800,0.041284269117594995,0.04118448289710998,0.03995241471444436,134.72924106228348,57.41577842911971,6.139236848269696,6.138908988375287,233.8481735828206,382.6531608900416,223.72446485227275,202.2068000405328,222.27761757278898,193.43796771637594,218.95391810243038,191.1678535372686,217.01824731147101,188.55145245036002
97900,0.041285099624758716,0.04118506072238472,0.039952235956254856,134.72650120404973,57.4046985552688,6.13946269900181,6.139135340985386,233.8653730615834,382.7189462698355,223.739095858718,202.2323836478734,222.28625730094458,193.44837445209225,218.96189077703684,191.18183820517018,217.02678426826222,188.56102040942375
98000,0.04128593040658343,0.04118563789646554,0.03995205735878807,134.7237701899877,57.39362901484285,6.139688109291805,6.1393611596028865,233.88254293656027,382.78467350946096,223.75374881235473,202.25791301470383,222.29483224504781,193.45882446566952,218.9697909217074,191.1957856111407,217.03530864957474,188.57049369683332
98100,0.041286760664476646,0.04118621294301448,0.03995188009036967,134.72104539200245,57.382575121411755,6.139913055903224,6.13958656533101,233.8996739676675,382.8503202522385,223.76839509606154,202.28338909028528,222.30335426163649,193.4693134232988,218.97762983487664,191.2097091170739,217.04378934373375,188.5798733236519
98200,0.0412875883002697,0.04118678933985791,0.03995170429363561,134.71832630056855,57.37152660608272,6.1401375941535665,6.139811615871358,233.91678701345188,382.91593952818124,223.78303356466205,202.3088240516366,222.31184147853318,193.47985995420152,218.98537962732092,191.2236272957304,217.05224846243965,188.58917711390308
98300,0.04128841641073465,0.041187365160966306,0.039951529016542024,134.715617377973,57.3604919950479,6.140361589247463,6.14003625638059,233.93385834198858,382.9814851498573,223.79766724829565,202.33420317278535,222.320284099594,193.4903941468811,218.99303628272406,191.23751329020712,217.0606832262597,188.59843857000604
98400,0.04128924318177934,0.04118793901599791,0.039951353383249365,134.7129177512762,57.34947680515408,6.140585187024096,6.140260362912187,233.9509020776607,383.0469233360442,223.8122909720842,202.359513676344,222.32867319535762,193.50095987519077,219.00061341121693,191.25137754016137,217.06909274747503,188.60759077160114
98500,0.0412900693049658,0.04118851270857511,0.039951177725540625,134.71022569452273,57.338479074773,6.14080850710185,6.140483953704962,233.96792067348858,383.1122710043757,223.826913847812,202.38475641302904,222.33702100682837,193.51153017956108,219.00812537136048,191.26521016004017,217.07748388488653,188.61660260240885
98600,0.041290893602933164,0.041189088291864295,0.03995100381835475,134.70754113873636,57.327492935980125,6.141031480360161,6.1407072374113065,233.98491927960623,383.1775679211322,223.8415481685426,202.40992273157494,222.34531695139145,193.52214586370698,219.01554889372628,191.27899857352347,217.085868594425,188.6255202843476
98700,0.0412917173849701,0.041189663405257,0.03995082862175162,134.70486535007925,57.3165092231442,6.141254030639742,6.1409301922163,234.0018728086942,383.24285901633704,223.85618653156055,202.43504932654736,222.353560761406,193.5328227902214,219.02291649093627,191.2927635282564,217.0942658064467,188.63437738462693
98800,0.0412925392172089,0.04119023657219897,0.03995065439177639,134.70219533797783,57.30553856034616,6.141476087457616,6.141152680107196,234.0187784829101,383.30808180664457,223.87081474369532,202.46010684304062,222.3617498977927,193.54351983951062,219.03023868659736,191.30650769938654,217.10263986517904,188.64314891191992
98900,0.04129336249985266,0.04119080898333919,0.0399504804943914,134.69953771648258,57.29459017620581,6.141697744394659,6.141374743616363,234.03567857462858,383.3731868275543,223.88543895185614,202.48509970396543,222.36988922211046,193.55421964372158,219.03747519067244,191.3202365257614,217.11097645889805,188.65184858981942
99000,0.041294184587541714,0.041191382900583676,0.03995030690738575,134.69688985713452,57.2836613811166,6.141918921524817,6.141596287185582,234.0525604692017,383.4381832554524,223.900076675183,202.51005514408692,222.37798377642744,193.56495716407676,219.0446046661545,191.33391728834204,217.11929126078329,188.6604644237006
99100,0.041295005632506446,0.04119195709220435,0.0399501344335513,134.69425110683073,57.272752727205955,6.14213973339802,6.141817265675234,234.0693982782262,383.5030629040174,223.91470133388205,202.53495093392192,222.38601138566005,193.57570924649212,219.0516979528241,191.3475771286865,217.12759148520323,188.66899488703487
99200,0.041295826391398976,0.04119253073198479,0.03994996310176902,134.69161898157657,57.26186216021656,6.142360153784702,6.142037906103525,234.08619661845657,383.56784759272875,223.92933353996992,202.5597829739903,222.39398630643825,193.58652399034997,219.05871012098757,191.36124479586107,217.13588053153484,188.67746099294897
99300,0.04129664657034584,0.0411931032707121,0.039949793100684534,134.68899428825455,57.250994759866444,6.1425801103364694,6.142258298669843,234.10296798652624,383.6325189642849,223.94395378915155,202.58456727679126,222.40191256083384,193.59739084643348,219.06565444975772,191.37488127305372,217.1441468506337,188.68585093239895
99400,0.04129746400372523,0.041193675430460826,0.039949622367673625,134.6863733579647,57.24014174635284,6.142799747273878,6.142478164861728,234.11972166546866,383.6971131211568,223.95860426886793,202.6093126558978,222.40980928298677,193.60827473365705,219.07257691943053,191.38847203614523,217.15238255902767,188.69411907022356
99500,0.04129827915294151,0.041194248255075394,0.03994945189940129,134.68376334322605,57.22929883521975,6.143019146505309,6.142697584780453,234.13642660343888,383.7616500960462,223.97320460143868,202.63398234261663,222.41766479319486,193.61917391302055,219.07941041073053,191.40203204313775,217.16059927696887,188.7023212096209
99600,0.04129909423411331,0.04119482152590836,0.03994928217917432,134.68116230635366,57.21847762902432,6.143237979644369,6.14291653200798,234.15309483267768,383.82606742294803,223.98778593731598,202.65856088996185,222.4254509228268,193.63008900408465,219.0861671593195,191.41557508065526,217.16879769254652,188.7104568491582
99700,0.04129990932722202,0.04119539325991387,0.03994911394300455,134.67857034217405,57.20767408341832,6.143456333035709,6.143134844694304,234.1697303693874,383.8903743358304,224.0023867517461,202.68308122396698,222.43316331401806,193.6410498763646,219.09285463524333,191.42909270081188,217.1769821226089,188.71851753231496
99800,0.041300722796510814,0.04119596453185373,0.0399489461411372,134.67598367917643,57.196877209756,6.143674395724196,6.14335298395274,234.18635677426857,383.9546683762232,224.01699493024307,202.7075521055282,222.4408451110434,193.65206531928143,219.09948183618445,191.44260465723062,217.18513663935596,188.72649948157482
99900,0.0413015376897304,0.04119653546477636,0.03994877905527592,134.67340407341788,57.186101321324195,6.143892127169358,6.143570773918138,234.2029601017195,384.0188597270678,224.03161615250076,202.73195948470988,222.4484412342245,193.66309516385095,219.10604534816923,191.4561134214965,217.19328183885835,188.73440205235158
100000,0.041302350884217714,0.04119710704209543,0.039948611572622736,134.67083406237475,57.17534449853889,6.1441093261075554,6.143788163351019,234.21952045452744,384.08294877096915,224.04621328273038,202.75634734398605,222.4559882800268,193.67416239922724,219.1125497125236,191.4695995650703,217.20139123762496,188.74221289521725
